0 0 
1 0 
2 0 
3 0 
4 0 
5 0 
6 0 
7 0 
8 0 
9 0 
10 0 
11 0 
12 0 
13 0 
14 0 
15 0 
16 0 
17 0 
18 0 
19 0 
20 0 
21 0 
22 0 
23 0 
24 0 
25 0 
26 0 
27 0 
28 0 
29 0 
30 0 
31 0 
32 0 
33 0 
34 0 
35 0 
36 0 
37 0 
38 0 
39 0 
40 0 
41 0 
42 0 
43 0 
44 0 
45 0 
46 0 
47 0 
48 0 
49 0 
50 0 
51 2 
52 2 
53 2 
54 2 
55 2 
56 3 
57 3 
58 2 
59 2 
60 2 
61 2 
62 2 
63 2 
64 2 
65 2 
66 2 
67 2 
68 2 
69 2 
70 2 
71 2 
72 2 
73 2 
74 2 
75 2 
76 2 
77 2 
78 1 
79 1 
80 1 
81 1 
82 1 
83 0 
84 0 
85 0 
86 0 
87 0 
88 0 
89 0 
90 0 
91 0 
92 0 
93 0 
94 0 
95 0 
96 0 
97 0 
98 0 
99 0 
100 0 
101 0 
102 0 
103 0 
104 0 
105 0 
106 0 
107 0 
108 0 
109 0 
110 0 
111 1 
112 1 
113 1 
114 1 
115 1 
116 1 
117 1 
118 1 
119 1 
120 1 
121 1 
122 1 
123 1 
124 1 
125 1 
126 1 
127 2 
128 2 
129 2 
130 2 
131 7 
132 7 
133 7 
134 7 
135 7 
136 7 
137 10 
138 9 
139 8 
140 8 
141 8 
142 10 
143 10 
144 10 
145 10 
146 10 
147 14 
148 14 
149 14 
150 14 
151 15 
152 15 
153 17 
154 17 
155 17 
156 17 
157 16 
158 19 
159 19 
160 19 
161 19 
162 21 
163 21 
164 23 
165 23 
166 23 
167 25 
168 25 
169 25 
170 26 
171 26 
172 26 
173 27 
174 27 
175 27 
176 27 
177 27 
178 26 
179 25 
180 25 
181 26 
182 27 
183 30 
184 30 
185 30 
186 31 
187 30 
188 30 
189 32 
190 31 
191 31 
192 30 
193 31 
194 31 
195 31 
196 31 
197 31 
198 32 
199 31 
200 31 
201 31 
202 31 
203 31 
204 33 
205 33 
206 33 
207 34 
208 33 
209 34 
210 35 
211 35 
212 35 
213 35 
214 34 
215 35 
216 35 
217 34 
218 34 
219 34 
220 35 
221 37 
222 37 
223 37 
224 37 
225 38 
226 42 
227 42 
228 41 
229 40 
230 40 
231 40 
232 40 
233 39 
234 39 
235 38 
236 39 
237 42 
238 42 
239 42 
240 42 
241 42 
242 43 
243 45 
244 44 
245 44 
246 44 
247 43 
248 43 
249 46 
250 46 
251 46 
252 45 
253 45 
254 45 
255 45 
256 46 
257 46 
258 46 
259 49 
260 50 
261 50 
262 49 
263 50 
264 50 
265 51 
266 51 
267 51 
268 52 
269 52 
270 51 
271 51 
272 50 
273 50 
274 51 
275 53 
276 53 
277 53 
278 53 
279 54 
280 54 
281 55 
282 55 
283 55 
284 57 
285 56 
286 57 
287 57 
288 56 
289 55 
290 55 
291 56 
292 56 
293 55 
294 55 
295 56 
296 57 
297 56 
298 58 
299 58 
300 57 
301 57 
302 56 
303 54 
304 55 
305 56 
306 59 
307 58 
308 57 
309 58 
310 58 
311 58 
312 58 
313 58 
314 58 
315 59 
316 59 
317 59 
318 59 
319 60 
320 61 
321 60 
322 60 
323 59 
324 58 
325 58 
326 61 
327 61 
328 61 
329 64 
330 63 
331 65 
332 65 
333 64 
334 62 
335 64 
336 64 
337 66 
338 64 
339 62 
340 63 
341 63 
342 64 
343 63 
344 63 
345 62 
346 64 
347 64 
348 65 
349 65 
350 65 
351 64 
352 65 
353 64 
354 65 
355 65 
356 66 
357 70 
358 71 
359 72 
360 72 
361 71 
362 70 
363 71 
364 69 
365 68 
366 68 
367 68 
368 67 
369 67 
370 68 
371 69 
372 69 
373 69 
374 68 
375 68 
376 68 
377 68 
378 67 
379 67 
380 69 
381 70 
382 70 
383 71 
384 71 
385 71 
386 72 
387 72 
388 71 
389 71 
390 71 
391 70 
392 70 
393 68 
394 69 
395 69 
396 69 
397 69 
398 68 
399 70 
400 71 
401 73 
402 73 
403 73 
404 72 
405 72 
406 71 
407 70 
408 70 
409 68 
410 69 
411 69 
412 68 
413 68 
414 68 
415 69 
416 70 
417 70 
418 70 
419 69 
420 71 
421 70 
422 70 
423 70 
424 70 
425 69 
426 69 
427 69 
428 71 
429 71 
430 70 
431 70 
432 70 
433 69 
434 69 
435 69 
436 71 
437 72 
438 71 
439 72 
440 72 
441 73 
442 74 
443 74 
444 73 
445 72 
446 73 
447 74 
448 74 
449 75 
450 76 
451 75 
452 75 
453 76 
454 74 
455 74 
456 74 
457 74 
458 75 
459 75 
460 75 
461 75 
462 74 
463 74 
464 75 
465 75 
466 76 
467 76 
468 76 
469 76 
470 76 
471 76 
472 77 
473 77 
474 78 
475 80 
476 80 
477 80 
478 79 
479 78 
480 78 
481 79 
482 79 
483 78 
484 77 
485 79 
486 80 
487 81 
488 81 
489 82 
490 82 
491 82 
492 82 
493 82 
494 81 
495 79 
496 80 
497 80 
498 80 
499 79 
500 80 
501 79 
502 79 
503 81 
504 81 
505 81 
506 81 
507 81 
508 81 
509 82 
510 81 
511 82 
512 82 
513 82 
514 82 
515 83 
516 84 
517 84 
518 83 
519 83 
520 83 
521 84 
522 84 
523 82 
524 84 
525 84 
526 85 
527 85 
528 87 
529 85 
530 87 
531 86 
532 86 
533 86 
534 84 
535 84 
536 84 
537 84 
538 85 
539 84 
540 82 
541 85 
542 85 
543 85 
544 84 
545 84 
546 86 
547 85 
548 85 
549 86 
550 86 
551 85 
552 86 
553 87 
554 86 
555 87 
556 87 
557 86 
558 85 
559 85 
560 86 
561 86 
562 86 
563 87 
564 87 
565 87 
566 88 
567 88 
568 88 
569 89 
570 89 
571 89 
572 89 
573 89 
574 89 
575 90 
576 89 
577 89 
578 88 
579 87 
580 87 
581 87 
582 87 
583 87 
584 87 
585 87 
586 87 
587 88 
588 88 
589 89 
590 89 
591 90 
592 92 
593 91 
594 91 
595 91 
596 92 
597 91 
598 91 
599 89 
600 89 
601 92 
602 94 
603 94 
604 94 
605 93 
606 93 
607 92 
608 93 
609 92 
610 91 
611 93 
612 94 
613 95 
614 95 
615 94 
616 94 
617 94 
618 94 
619 94 
620 93 
621 98 
622 97 
623 98 
624 98 
625 98 
626 99 
627 98 
628 98 
629 96 
630 97 
631 101 
632 101 
633 101 
634 100 
635 102 
636 102 
637 109 
638 107 
639 107 
640 106 
641 106 
642 113 
643 113 
644 111 
645 111 
646 111 
647 116 
648 120 
649 118 
650 117 
651 118 
652 120 
653 124 
654 124 
655 123 
656 123 
657 122 
658 127 
659 128 
660 127 
661 129 
662 129 
663 133 
664 133 
665 136 
666 137 
667 136 
668 139 
669 138 
670 139 
671 139 
672 139 
673 141 
674 144 
675 143 
676 144 
677 144 
678 142 
679 142 
680 144 
681 144 
682 144 
683 143 
684 143 
685 144 
686 145 
687 146 
688 145 
689 150 
690 151 
691 154 
692 154 
693 153 
694 155 
695 156 
696 157 
697 158 
698 156 
699 157 
700 159 
701 159 
702 162 
703 163 
704 162 
705 164 
706 166 
707 166 
708 165 
709 163 
710 165 
711 165 
712 164 
713 162 
714 163 
715 161 
716 162 
717 163 
718 163 
719 164 
720 164 
721 165 
722 165 
723 164 
724 164 
725 164 
726 166 
727 165 
728 164 
729 164 
730 164 
731 165 
732 166 
733 166 
734 166 
735 166 
736 167 
737 166 
738 166 
739 166 
740 165 
741 165 
742 166 
743 165 
744 163 
745 164 
746 164 
747 162 
748 162 
749 163 
750 163 
751 162 
752 164 
753 163 
754 163 
755 166 
756 167 
757 167 
758 166 
759 165 
760 165 
761 165 
762 166 
763 165 
764 165 
765 165 
766 165 
767 165 
768 165 
769 164 
770 165 
771 165 
772 167 
773 167 
774 167 
775 167 
776 168 
777 168 
778 169 
779 168 
780 168 
781 167 
782 169 
783 167 
784 167 
785 170 
786 170 
787 169 
788 168 
789 171 
790 171 
791 171 
792 172 
793 173 
794 173 
795 171 
796 171 
797 171 
798 170 
799 170 
800 169 
801 171 
802 171 
803 173 
804 171 
805 170 
806 171 
807 170 
808 171 
809 170 
810 170 
811 171 
812 172 
813 172 
814 173 
815 173 
816 176 
817 176 
818 176 
819 175 
820 175 
821 176 
822 177 
823 176 
824 175 
825 175 
826 176 
827 175 
828 174 
829 174 
830 175 
831 175 
832 176 
833 177 
834 177 
835 179 
836 178 
837 176 
838 176 
839 176 
840 178 
841 178 
842 179 
843 180 
844 178 
845 180 
846 179 
847 180 
848 180 
849 182 
850 182 
851 183 
852 183 
853 184 
854 181 
855 180 
856 181 
857 181 
858 181 
859 181 
860 180 
861 181 
862 181 
863 179 
864 179 
865 177 
866 178 
867 179 
868 177 
869 177 
870 178 
871 180 
872 180 
873 179 
874 178 
875 180 
876 180 
877 181 
878 180 
879 179 
880 179 
881 180 
882 181 
883 180 
884 182 
885 182 
886 182 
887 184 
888 182 
889 182 
890 182 
891 184 
892 183 
893 183 
894 182 
895 182 
896 181 
897 181 
898 181 
899 183 
900 182 
901 184 
902 185 
903 186 
904 186 
905 184 
906 185 
907 184 
908 184 
909 186 
910 187 
911 185 
912 185 
913 185 
914 183 
915 185 
916 186 
917 185 
918 184 
919 183 
920 182 
921 183 
922 183 
923 182 
924 182 
925 181 
926 181 
927 181 
928 182 
929 182 
930 182 
931 184 
932 186 
933 186 
934 187 
935 186 
936 187 
937 188 
938 188 
939 188 
940 186 
941 187 
942 187 
943 186 
944 186 
945 186 
946 188 
947 188 
948 187 
949 186 
950 186 
951 188 
952 189 
953 187 
954 185 
955 186 
956 188 
957 188 
958 188 
959 190 
960 191 
961 191 
962 190 
963 189 
964 189 
965 191 
966 193 
967 194 
968 193 
969 193 
970 195 
971 194 
972 194 
973 193 
974 192 
975 191 
976 191 
977 191 
978 190 
979 188 
980 190 
981 190 
982 189 
983 190 
984 188 
985 187 
986 187 
987 188 
988 188 
989 188 
990 188 
991 188 
992 189 
993 189 
994 190 
995 191 
996 191 
997 190 
998 189 
999 189 
