1 6
2 6
3 6
4 6
5 6
6 12
7 12
8 12
9 12
10 12
11 18
12 18
13 18
14 18
15 18
16 24
17 24
18 24
19 24
20 24
21 30
22 30
23 30
24 30
25 30
26 36
27 36
28 36
29 36
30 36
31 42
32 42
33 42
34 42
35 42
36 48
37 48
38 48
39 48
40 48
41 54
42 54
43 54
44 54
45 54
46 60
47 60
48 58
49 57
50 57
51 63
52 63
53 60
54 60
55 60
56 66
57 66
58 65
59 63
60 63
61 69
62 69
63 67
64 66
65 66
66 72
67 72
68 71
69 69
70 69
71 75
72 75
73 75
74 73
75 73
76 78
77 78
78 75
79 75
80 75
81 81
82 81
83 79
84 78
85 78
86 84
87 84
88 83
89 82
90 82
91 87
92 87
93 84
94 84
95 84
96 90
97 90
98 88
99 88
100 88
101 93
102 93
103 90
104 90
105 90
106 96
107 96
108 94
109 94
110 94
111 99
112 99
113 97
114 96
115 96
116 102
117 102
118 100
119 100
120 100
121 106
122 106
123 106
124 104
125 103
126 108
127 108
128 107
129 106
130 106
131 112
132 112
133 111
134 110
135 110
136 115
137 115
138 113
139 112
140 112
141 118
142 117
143 116
144 115
145 115
146 121
147 120
148 119
149 117
150 117
151 123
152 123
153 122
154 122
155 122
156 127
157 126
158 124
159 123
160 123
161 129
162 129
163 128
164 127
165 127
166 133
167 133
168 132
169 131
170 130
171 135
172 135
173 134
174 134
175 134
176 139
177 139
178 137
179 136
180 136
181 141
182 141
183 140
184 140
185 140
186 146
187 145
188 144
189 142
190 141
191 147
192 146
193 145
194 144
195 144
196 150
197 150
198 150
199 148
200 148
201 153
202 153
203 151
204 151
205 150
206 154
207 154
208 152
209 152
210 151
211 156
212 156
213 155
214 154
215 154
216 160
217 159
218 158
219 158
220 158
221 162
222 161
223 159
224 158
225 158
226 164
227 164
228 163
229 162
230 162
231 168
232 167
233 166
234 165
235 162
236 167
237 166
238 166
239 165
240 165
241 171
242 170
243 169
244 167
245 167
246 173
247 172
248 172
249 170
250 169
251 175
252 174
253 172
254 171
255 170
256 176
257 176
258 175
259 174
260 174
261 179
262 178
263 177
264 175
265 175
266 179
267 179
268 178
269 177
270 175
271 181
272 180
273 179
274 178
275 178
276 184
277 183
278 182
279 180
280 178
281 184
282 184
283 182
284 182
285 180
286 186
287 186
288 184
289 183
290 183
291 188
292 188
293 186
294 184
295 182
296 187
297 186
298 186
299 184
300 183
301 189
302 188
303 186
304 185
305 184
306 190
307 189
308 188
309 187
310 187
311 193
312 193
313 191
314 189
315 189
316 193
317 193
318 192
319 192
320 192
321 197
322 196
323 195
324 193
325 192
326 198
327 198
328 197
329 197
330 195
331 201
332 200
333 199
334 197
335 197
336 203
337 203
338 201
339 199
340 199
341 205
342 205
343 203
344 201
345 200
346 206
347 206
348 206
349 204
350 204
351 208
352 208
353 205
354 202
355 202
356 208
357 208
358 208
359 208
360 207
361 212
362 211
363 210
364 207
365 205
366 211
367 211
368 209
369 209
370 209
371 215
372 215
373 214
374 213
375 212
376 216
377 216
378 213
379 213
380 213
381 219
382 219
383 219
384 218
385 218
386 222
387 222
388 220
389 219
390 217
391 221
392 221
393 219
394 219
395 219
396 224
397 224
398 222
399 220
400 220
401 224
402 224
403 223
404 221
405 222
406 225
407 224
408 223
409 221
410 219
411 222
412 221
413 219
414 219
415 219
416 224
417 225
418 224
419 222
420 221
421 223
422 222
423 221
424 221
425 219
426 224
427 225
428 223
429 222
430 220
431 224
432 224
433 223
434 224
435 224
436 227
437 227
438 226
439 225
440 224
441 227
442 228
443 226
444 225
445 224
446 228
447 228
448 227
449 226
450 226
451 229
452 228
453 228
454 226
455 226
456 231
457 229
458 229
459 229
460 228
461 231
462 230
463 230
464 229
465 230
466 233
467 232
468 230
469 230
470 229
471 232
472 232
473 233
474 232
475 232
476 235
477 235
478 233
479 232
480 231
481 234
482 235
483 233
484 231
485 231
486 233
487 233
488 231
489 232
490 232
491 236
492 236
493 234
494 232
495 229
496 232
497 231
498 232
499 231
500 232
501 234
502 234
503 233
504 232
505 230
506 234
507 234
508 232
509 232
510 230
511 234
512 235
513 234
514 234
515 233
516 234
517 234
518 233
519 234
520 232
521 235
522 235
523 233
524 233
525 233
526 237
527 238
528 238
529 235
530 234
531 236
532 235
533 235
534 233
535 235
536 238
537 238
538 237
539 237
540 235
541 237
542 236
543 236
544 234
545 234
546 238
547 236
548 236
549 235
550 235
551 237
552 236
553 238
554 237
555 237
556 239
557 238
558 237
559 237
560 238
561 240
562 240
563 239
564 238
565 238
566 241
567 240
568 240
569 240
570 238
571 241
572 241
573 241
574 240
575 241
576 243
577 243
578 242
579 241
580 239
581 241
582 241
583 241
584 241
585 242
586 244
587 244
588 243
589 244
590 242
591 243
592 244
593 243
594 243
595 241
596 244
597 243
598 243
599 241
600 241
601 244
602 243
603 243
604 243
605 242
606 245
607 244
608 245
609 243
610 241
611 244
612 244
613 244
614 245
615 244
616 247
617 247
618 245
619 244
620 242
621 246
622 245
623 244
624 244
625 245
626 248
627 246
628 246
629 245
630 244
631 247
632 246
633 246
634 246
635 246
636 249
637 248
638 246
639 245
640 244
641 247
642 245
643 245
644 242
645 242
646 245
647 245
648 245
649 244
650 243
651 247
652 247
653 246
654 245
655 244
656 247
657 246
658 247
659 246
660 245
661 248
662 247
663 246
664 245
665 246
666 249
667 248
668 247
669 246
670 246
671 250
672 249
673 246
674 246
675 244
676 247
677 247
678 245
679 247
680 245
681 246
682 246
683 244
684 244
685 243
686 247
687 247
688 246
689 247
690 246
691 249
692 249
693 247
694 247
695 247
696 250
697 250
698 247
699 247
700 247
701 250
702 251
703 251
704 249
705 248
706 251
707 250
708 249
709 247
710 247
711 252
712 252
713 249
714 248
715 245
716 248
717 246
718 244
719 244
720 243
721 246
722 246
723 246
724 246
725 245
726 248
727 247
728 246
729 245
730 245
731 247
732 247
733 247
734 248
735 247
736 249
737 248
738 248
739 247
740 246
741 249
742 249
743 248
744 249
745 249
746 251
747 249
748 248
749 246
750 246
751 248
752 248
753 247
754 247
755 248
756 250
757 249
758 247
759 246
760 247
761 248
762 248
763 247
764 247
765 247
766 249
767 249
768 248
769 246
770 247
771 249
772 249
773 247
774 248
775 249
776 252
777 253
778 251
779 250
780 249
781 252
782 252
783 250
784 250
785 250
786 253
787 253
788 250
789 249
790 249
791 253
792 253
793 254
794 253
795 250
796 254
797 253
798 252
799 252
800 251
801 253
802 253
803 253
804 252
805 251
806 253
807 252
808 253
809 251
810 251
811 255
812 256
813 255
814 254
815 253
816 256
817 258
818 257
819 255
820 255
821 258
822 257
823 255
824 255
825 253
826 257
827 257
828 256
829 256
830 255
831 259
832 259
833 258
834 257
835 258
836 260
837 258
838 258
839 258
840 258
841 261
842 261
843 260
844 259
845 258
846 260
847 261
848 261
849 261
850 259
851 262
852 262
853 262
854 259
855 257
856 261
857 261
858 261
859 261
860 260
861 262
862 262
863 259
864 259
865 258
866 262
867 263
868 261
869 260
870 260
871 263
872 262
873 260
874 260
875 260
876 262
877 261
878 260
879 259
880 259
881 261
882 261
883 261
884 260
885 261
886 262
887 262
888 260
889 260
890 259
891 263
892 262
893 261
894 262
895 261
896 262
897 262
898 262
899 262
900 261
901 265
902 265
903 264
904 264
905 262
906 265
907 264
908 265
909 264
910 264
911 265
912 264
913 264
914 262
915 262
916 265
917 265
918 264
919 263
920 262
921 265
922 265
923 262
924 262
925 259
926 262
927 263
928 263
929 264
930 264
931 267
932 267
933 265
934 265
935 263
936 267
937 266
938 265
939 265
940 263
941 266
942 267
943 265
944 265
945 265
946 268
947 267
948 266
949 265
950 266
951 270
952 271
953 269
954 267
955 266
956 267
957 267
958 266
959 267
960 267
961 269
962 268
963 268
964 267
965 266
966 270
967 270
968 268
969 269
970 268
971 269
972 268
973 268
974 268
975 267
976 271
977 270
978 269
979 267
980 268
981 271
982 270
983 270
984 268
985 266
986 270
987 271
988 270
989 268
990 268
991 270
992 270
993 270
994 271
995 271
996 273
997 273
998 273
999 271
