0 
0 
0 
0 
1002 
0 
0 
0 
0 
1001 
0 
0 
0 
0 
1003 
0 
0 
0 
0 
0 
0 
0 
0 
0 
0 
800 
0 
0 
0 
0 
801 
0 
0 
0 
0 
798 
0 
0 
0 
0 
0 
0 
0 
0 
0 
0 
549 
0 
0 
0 
0 
543 
0 
0 
0 
0 
542 
0 
0 
0 
0 
0 
0 
0 
0 
0 
0 
486 
0 
0 
0 
0 
493 
0 
0 
0 
0 
479 
0 
0 
0 
0 
0 
0 
1627 
7078 
7744 
8444 
5319 
866 
863 
855 
842 
2962 
811 
801 
802 
782 
2802 
1782 
3651 
5141 
4708 
0 
0 
0 
0 
0 
0 
405 
0 
0 
0 
0 
393 
0 
0 
0 
0 
401 
0 
0 
0 
362 
0 
0 
0 
0 
0 
0 
357 
0 
0 
0 
0 
340 
0 
0 
0 
0 
358 
0 
0 
0 
245 
0 
0 
0 
0 
0 
0 
341 
0 
0 
0 
0 
340 
0 
0 
0 
0 
344 
0 
0 
0 
213 
0 
0 
0 
0 
0 
0 
332 
0 
0 
0 
0 
333 
0 
0 
0 
0 
330 
0 
0 
0 
202 
0 
0 
1545 
6306 
7072 
7956 
5041 
1157 
1150 
1133 
1146 
4232 
1031 
1003 
997 
987 
3698 
925 
911 
911 
1216 
0 
0 
0 
0 
0 
0 
303 
0 
0 
0 
0 
292 
0 
0 
0 
0 
305 
0 
0 
0 
216 
0 
0 
0 
0 
0 
0 
297 
0 
0 
0 
0 
292 
0 
0 
0 
0 
303 
0 
0 
0 
244 
0 
0 
0 
0 
0 
0 
351 
0 
0 
0 
0 
325 
0 
0 
0 
0 
327 
0 
0 
0 
281 
0 
0 
0 
0 
0 
0 
322 
0 
0 
0 
0 
309 
0 
0 
0 
0 
304 
0 
0 
0 
355 
0 
0 
1593 
6703 
7393 
8253 
5087 
1048 
1034 
1030 
1015 
4046 
949 
924 
926 
911 
3114 
844 
830 
831 
759 
0 
0 
0 
0 
0 
0 
311 
0 
0 
0 
0 
312 
0 
0 
0 
0 
306 
0 
0 
0 
0 
0 
0 
0 
0 
0 
0 
303 
0 
0 
0 
0 
314 
0 
0 
0 
0 
308 
0 
0 
0 
0 
0 
0 
0 
0 
0 
0 
298 
0 
0 
0 
0 
314 
0 
0 
0 
0 
308 
0 
0 
0 
0 
0 
0 
0 
0 
0 
0 
0 
0 
0 
0 
0 
0 
0 
0 
0 
0 
0 
0 
0 
0 
0 
0 
0 
0 
0 
0 
0 
0 
0 
0 
0 
0 
0 
0 
0 
0 
0 
0 
0 
0 
0 
0 
0 
0 
0 
0 
0 
0 
0 
0 
0 
0 
0 
0 
0 
0 
0 
0 
0 
0 
0 
0 
0 
0 
0 
