0 
0 
0 
0 
200 
0 
0 
0 
0 
200 
0 
0 
0 
0 
200 
0 
0 
0 
0 
0 
0 
0 
0 
0 
0 
199 
0 
0 
0 
0 
199 
0 
0 
0 
0 
199 
0 
0 
0 
0 
0 
0 
0 
0 
0 
0 
198 
0 
0 
0 
0 
198 
0 
0 
0 
0 
198 
0 
0 
0 
0 
0 
0 
0 
0 
0 
0 
197 
0 
0 
0 
0 
197 
0 
0 
0 
0 
197 
0 
0 
0 
0 
0 
0 
136 
128 
116 
104 
289 
89 
89 
88 
87 
283 
84 
83 
82 
81 
276 
78 
65 
53 
123 
0 
0 
0 
0 
0 
0 
195 
0 
0 
0 
0 
196 
0 
0 
0 
0 
196 
0 
0 
0 
119 
0 
0 
0 
0 
0 
0 
195 
0 
0 
0 
0 
195 
0 
0 
0 
0 
196 
0 
0 
0 
119 
0 
0 
0 
0 
0 
0 
195 
0 
0 
0 
0 
195 
0 
0 
0 
0 
195 
0 
0 
0 
119 
0 
0 
0 
0 
0 
0 
195 
0 
0 
0 
0 
195 
0 
0 
0 
0 
194 
0 
0 
0 
120 
0 
0 
163 
155 
145 
134 
316 
119 
118 
117 
116 
302 
105 
104 
103 
102 
292 
95 
94 
94 
213 
0 
0 
0 
0 
0 
0 
193 
0 
0 
0 
0 
193 
0 
0 
0 
0 
194 
0 
0 
0 
120 
0 
0 
0 
0 
0 
0 
193 
0 
0 
0 
0 
193 
0 
0 
0 
0 
194 
0 
0 
0 
121 
0 
0 
0 
0 
0 
0 
193 
0 
0 
0 
0 
193 
0 
0 
0 
0 
193 
0 
0 
0 
121 
0 
0 
0 
0 
0 
0 
193 
0 
0 
0 
0 
193 
0 
0 
0 
0 
192 
0 
0 
0 
121 
0 
0 
153 
145 
134 
123 
303 
108 
107 
106 
105 
291 
96 
96 
95 
94 
282 
87 
87 
86 
85 
0 
0 
0 
0 
0 
0 
191 
0 
0 
0 
0 
191 
0 
0 
0 
0 
192 
0 
0 
0 
0 
0 
0 
0 
0 
0 
0 
191 
0 
0 
0 
0 
191 
0 
0 
0 
0 
192 
0 
0 
0 
0 
0 
0 
0 
0 
0 
0 
191 
0 
0 
0 
0 
191 
0 
0 
0 
0 
191 
0 
0 
0 
0 
0 
0 
0 
0 
0 
0 
0 
0 
0 
0 
0 
0 
0 
0 
0 
0 
0 
0 
0 
0 
0 
0 
0 
0 
0 
0 
0 
0 
0 
0 
0 
0 
0 
0 
0 
0 
0 
0 
0 
0 
0 
0 
0 
0 
0 
0 
0 
0 
0 
0 
0 
0 
0 
0 
0 
0 
0 
0 
0 
0 
0 
0 
0 
0 
0 
