      1  50.067313099793 
      1  87.284255641655 
      1  90.185185214598 
      2  92.76768191862 
      1  95.064107603524 
      1  95.98872451715 
      1  100.20316858558 
      1  110.832326132209 
      1  113.318081260386 
      1  130.624407075942 
      1  170.182726498573 
      1  190.706440218417 
      1  210.696972061787 
      1  225.674537221411 
      1  230.592289744066 
      2  231.326351383488 
      1  231.510804404529 
      1  235.331140440964 
      1  235.730602258577 
      1  240.44005630808 
      1  240.860752002411 
      1  251.269119593527 
      1  255.567096351916 
      1  270.551657084087 
      1  350.511306306292 
      1  365.488677799879 
      1  366.377308369023 
      2  370.312432445633 
      1  372.640813073114 
      1  375.605704753874 
      1  376.926288903336 
      2  380.719699942703 
      1  391.099284945827 
      1  395.683514330341 
      1  410.125198034812 
      1  430.413313290645 
      1  450.777359522805 
      1  490.561917597894 
      1  500.697923936928 
      1  505.229674657649 
      1  510.642748484975 
      1  514.356778159466 
      1  515.699261779534 
      1  530.463743420933 
      1  550.277021645746 
      1  570.261736770627 
      1  590.330571092871 
      1  630.683903851053 
      1  640.526114779832 
      1  641.247749397911 
      1  645.138202233157 
      2  650.301557658928 
      1  650.434591023473 
      2  650.663951736782 
      1  655.050535716806 
      1  656.819064205478 
      1  660.327901606216 
      1  660.739196258372 
      1  670.353392660497 
      1  690.259319860256 
      1  770.682565152459 
      1  780.732054524739 
      1  781.537543433556 
      2  785.275550017367 
      1  786.541406353578 
      1  786.900852014705 
      2  790.212933484437 
      1  791.962838935741 
      2  792.077395823136 
      1  795.814731005747 
      1  797.255917789455 
      2  797.545914758315 
      1  800.506263837843 
      1  810.521606100081 
      1  830.757288185182 
      1  890.645132678552 
      1  918.833876745696 
      1  920.489434973002 
      1  923.122026495847 
      1  925.274277041145 
      1  928.123478433599 
      2  930.257673546374 
      1  930.663262407657 
      1  933.333031548082 
      1  935.542131924136 
      1  935.796466966202 
      1  939.084736439273 
      1  950.677985605142 
