      1  51.351204250216 
      1  82.578702044194 
      1  92.98385738442 
      1  93.240069982167 
      1  171.58530965039 
      1  171.607527496167 
      1  171.842738769404 
      1  192.751482356504 
      1  192.829173418655 
      1  193.339080796248 
      1  214.730710453201 
      1  220.115225876322 
      1  220.340403186827 
      1  226.091467306328 
      2  230.168176939116 
      1  235.753227936894 
      1  256.081754753599 
      1  292.446034044563 
      1  311.115856090146 
      1  311.27321296766 
      1  333.620885573426 
      1  333.989107364961 
      1  334.091656566789 
      1  334.144504181487 
      1  350.553086428548 
      1  350.690424106427 
      1  351.137103504127 
      1  356.068373947421 
      1  360.204168477664 
      1  366.273602133566 
      2  371.686804403377 
      1  449.627080449517 
      1  472.647033070688 
      1  472.783803782062 
      1  472.788767329314 
      1  494.746135629547 
      1  499.439398642936 
      1  505.412644002679 
      1  510.181285296471 
      1  510.78330859183 
      1  552.497506797284 
      1  592.761278893154 
      1  592.811619523007 
      1  593.288784207709 
      1  593.351848587568 
      1  610.286674557197 
      1  610.458171314615 
      2  631.700084118369 
      1  642.391081864544 
      1  647.706564561647 
      1  691.26270187628 
      1  691.683241460139 
      1  732.97660813381 
      1  733.05091787226 
      1  733.201547496691 
      1  749.825961013736 
      1  750.243267204008 
      1  771.344442544578 
      2  772.302297867856 
      1  776.747821212815 
      1  777.659208906722 
      1  811.706476002169 
      1  853.573111066376 
      1  853.593649026254 
      1  871.205534792661 
      1  871.476207745026 
      1  892.91254982762 
      1  909.125400029041 
      1  909.227102237949 
      1  913.207417659217 
      1  914.270215863225 
      1  920.039501911967 
