      1  40.82116882816 
      1  60.05940480683 
      2  81.987356117971 
      1  87.214985964592 
      1  100.064107603524 
      1  103.240069982167 
      1  120.822351996731 
      1  140.593456729753 
      1  160.565197637305 
      1  180.597035634583 
      1  200.133886886882 
      1  220.377380847997 
      1  225.280963700857 
      1  230.991894347145 
      1  240.730602258577 
      1  245.168176939116 
      1  280.845840457883 
      1  300.651738671987 
      1  320.34411977944 
      1  355.690424106427 
      1  360.819570793692 
      1  366.068373947421 
      1  371.09113743326 
      1  381.926288903336 
      1  386.686804403377 
      1  400.683514330341 
      1  420.738301417297 
      1  460.1796365928 
      1  480.531067296109 
      1  494.420791661585 
      1  499.04428547257 
      1  504.784370700253 
      1  509.725535225106 
      1  520.699261779534 
      1  540.263710563723 
      1  560.411929220716 
      1  580.765836498877 
      1  600.835260267463 
      1  620.706481693397 
      1  631.962092961533 
      1  640.640790265389 
      1  645.800867274736 
      1  651.247749397911 
      1  660.050535716806 
      1  680.752027370707 
      1  700.683734924347 
      1  720.423311935533 
      1  740.538369743508 
      1  760.534235206601 
      1  780.682565152459 
      1  786.344442544578 
      1  800.814731005747 
      1  820.784204023052 
      1  840.554260188314 
      1  900.627422249373 
      1  940.542131924136 
      1  960.442366857036 
      1  980.803454967728 
