      1  30.288707685695 
      1  35.288707685695 
      1  35.71899039409 
      1  41.1313497252 
      1  46.1313497252 
      1  50.82116882816 
      1  51.1313497252 
      1  51.221439689953 
      1  56.351204250216 
      1  61.351204250216 
      3  66.677969102208 
      1  71.463465331365 
      1  76.463465331365 
      1  76.987356117971 
      1  98.240069982167 
      1  108.327750314965 
      1  113.327750314965 
      1  118.327750314965 
      1  118.38269535487 
      1  123.761843512032 
      1  123.794219007664 
      1  129.194416376568 
      1  134.194416376568 
      2  134.39688217027 
      1  139.965886080001 
      2  139.977710809276 
      2  145.691076813865 
      1  145.974766764843 
      1  150.691076813865 
      1  155.691076813865 
      3  155.79840565743 
      1  161.246651887827 
      1  161.448412046878 
      4  171.404150802351 
      1  176.842738769404 
      1  181.933959789838 
      4  192.552555265472 
      4  198.339080796248 
      2  204.075908464654 
      1  209.588852175299 
      2  214.651448593567 
      1  217.642645737874 
      1  220.041635810888 
      1  250.730602258577 
      1  255.730602258577 
      1  260.730602258577 
      1  266.081754753599 
      1  266.617734445348 
      1  271.395453830529 
      1  276.395453830529 
      2  276.514302055088 
      1  282.145388564521 
      1  287.145388564521 
      1  292.145388564521 
      1  297.145388564521 
      3  297.446034044563 
      4  310.850516552178 
      1  316.27321296766 
      3  316.434389768369 
      1  321.962200680927 
      4  327.597724193093 
      1  333.218662725546 
      3  333.409044504378 
      1  339.091656566789 
      3  339.144504181487 
      1  344.744141671418 
      3  344.859702806923 
      3  350.526371092238 
      1  359.744141671418 
      1  391.926288903336 
      1  396.926288903336 
      1  401.926288903336 
      1  406.926288903336 
      1  407.163791013301 
      1  412.163791013301 
      1  417.163791013301 
      2  417.284344780319 
      2  422.857277391184 
      1  428.35660300783 
      1  433.35660300783 
      2  433.428163462708 
      1  433.466945824522 
      1  439.022054909548 
      3  439.053516108262 
      4  449.423694548627 
      1  454.793989505301 
      3  454.907233312064 
      2  460.701612946155 
      1  466.294389915414 
      3  466.4863939356 
      4  472.265656931914 
      1  477.788767329314 
      3  477.810121147026 
      1  483.596039922262 
      1  483.612800399062 
      1  489.04428547257 
      1  520.78330859183 
      1  526.063825197665 
      1  531.063825197665 
      1  536.063825197665 
      1  536.246441826676 
      1  541.473518608236 
      1  546.473518608236 
      1  546.757259706662 
      1  551.757259706662 
      3  557.497506797284 
      3  567.577534669149 
      1  570.411929220716 
      1  575.411929220716 
      3  575.580147569364 
      1  580.922241130812 
      3  581.068501743186 
      1  586.645506375994 
      3  586.905753845929 
      1  592.511295071729 
      3  592.526096080048 
      1  598.288784207709 
      3  598.351848587568 
      1  604.045110738216 
      4  609.863444183368 
      1  615.458171314615 
      3  615.471624812027 
      1  621.247074256183 
      2  626.962092961533 
      1  635.458171314615 
      1  640.800867274736 
      1  670.050535716806 
      1  675.050535716806 
      1  675.474227291753 
      1  680.871223666461 
      1  685.871223666461 
      1  690.752027370707 
      1  690.871223666461 
      1  690.950555496565 
      3  696.683241460139 
      3  706.889571251319 
      1  710.683734924347 
      1  715.683734924347 
      1  720.683734924347 
      1  720.796208826106 
      4  726.561927490016 
      1  732.272197612642 
      3  732.379868565288 
      4  738.201547496691 
      1  743.949011706884 
      1  744.017499867964 
      1  749.684569541472 
      3  749.691020399047 
      1  755.445902832589 
      3  755.51204390254 
      1  760.902770450617 
      3  760.919907932615 
      1  770.538369743508 
      1  777.302297867856 
      1  801.583317044856 
      1  806.583317044856 
      1  811.583317044856 
      1  816.583317044856 
      1  816.706476002169 
      2  826.876286115589 
      1  830.784204023052 
      1  835.784204023052 
      2  836.22253262283 
      1  841.911613524327 
      1  847.402647742687 
      3  847.683114783206 
      4  853.343935237283 
      1  859.077586396565 
      3  859.102224881244 
      4  864.877192847554 
      1  870.635678520072 
      3  870.649529862096 
      4  876.476207745026 
      1  882.043895217678 
      3  882.199184243851 
      4  897.91254982762 
      2  903.721618450384 
      1  908.483345183136 
      1  912.91254982762 
      1  918.207417659217 
      1  938.409137547589 
      1  943.409137547589 
      1  948.409137547589 
      1  953.409137547589 
      1  953.690783348822 
      1  958.853003716481 
      2  964.213067836566 
      1  969.712959834791 
      2  969.796874553298 
      1  975.31070979631 
      2  975.558513572099 
      1  981.017568418357 
      3  986.848839818043 
      1  991.79712000776 
      1  996.79712000776 
      3  997.148867807357 
