      1  26.050087384357 
      1  30.71899039409 
      1  36.1313497252 
      1  36.398146713233 
      1  41.017491004046 
      1  41.940436535483 
      1  46.221439689953 
      2  51.282111139137 
      2  51.303158852314 
      3  51.351204250216 
      2  51.735272250402 
      2  56.620043912447 
      1  60.821510563174 
      2  61.463465331365 
      3  61.677969102208 
      2  66.734942069527 
      2  66.856873366477 
      3  66.956236467164 
      3  67.225132806579 
      2  67.447481987474 
      4  71.987356117971 
      1  77.116176235041 
      1  77.191523933928 
      1  77.214985964592 
      1  118.761843512032 
      1  118.794219007664 
      1  124.194416376568 
      1  124.582043276494 
      2  129.39688217027 
      2  134.437915046857 
      2  134.965886080001 
      2  134.977710809276 
      2  140.609767906269 
      2  140.673492828369 
      2  140.691076813865 
      1  140.974766764843 
      2  146.266952287351 
      2  146.36539944064 
      3  146.490570734843 
      2  146.631053891289 
      3  150.79840565743 
      3  155.864283154505 
      4  156.070917034185 
      3  156.122123180179 
      3  156.246651887827 
      3  156.448412046878 
      2  161.086332775157 
      3  161.496985653346 
      4  161.593100498222 
      3  162.09427025559 
      4  166.404150802351 
      3  171.58530965039 
      4  171.607527496167 
      3  171.731273315293 
      3  171.836403786582 
      4  171.842738769404 
      3  172.203161928723 
      3  176.933959789838 
      3  180.694950872574 
      4  182.213298541653 
      3  182.436853662218 
      4  182.642645737874 
      4  187.552555265472 
      3  192.741469736906 
      3  192.751482356504 
      3  192.796606954631 
      4  192.829173418655 
      3  193.315490689432 
      4  193.339080796248 
      3  198.502246096976 
      4  198.597621418306 
      3  198.666848452263 
      3  198.825693362964 
      3  198.893018661443 
      4  199.075908464654 
      2  200.642949036982 
      4  204.324550205806 
      3  204.504546100425 
      4  204.588852175299 
      3  204.858412171567 
      3  209.651448593567 
      2  214.730710453201 
      3  214.85198142599 
      3  215.041635810888 
      3  215.280963700857 
      2  218.242415077778 
      1  219.794402631236 
      2  220.115225876322 
      1  220.991894347145 
      1  261.617734445348 
      1  266.854058382067 
      1  266.884083339802 
      2  271.514302055088 
      2  276.57507757408 
      2  276.751542597818 
      2  277.145388564521 
      2  281.329424278157 
      2  282.843488617833 
      2  287.526199294464 
      3  292.446034044563 
      3  297.561213107847 
      4  297.61626774356 
      3  297.8908469761 
      3  297.951881484953 
      3  298.239413652618 
      1  300.739678626645 
      4  302.667211456366 
      4  305.850516552178 
      3  310.913931473666 
      3  310.945117968829 
      3  311.078549792064 
      4  311.115856090146 
      4  311.27321296766 
      3  311.434389768369 
      4  316.509841904019 
      3  316.648909554932 
      3  316.745147196169 
      4  316.767009385929 
      3  316.791820416407 
      3  316.962200680927 
      3  320.751269973468 
      3  322.331895122686 
      4  322.363563051457 
      4  322.597724193093 
      3  327.654352430439 
      4  327.701091604203 
      3  327.740859958639 
      4  327.827551629458 
      3  328.218662725546 
      3  328.409044504378 
      3  333.538554760418 
      4  333.620885573426 
      3  333.629413242038 
      3  333.989107364961 
      4  334.091656566789 
      3  334.144504181487 
      3  339.28720417308 
      4  339.296844897059 
      3  339.577826720265 
      4  339.696461015626 
      3  339.744141671418 
      3  339.859702806923 
      4  345.164195737318 
      3  345.230480193152 
      3  345.335914299247 
      3  345.398098315699 
      3  345.462425304373 
      4  345.526371092238 
      3  350.553086428548 
      3  350.690424106427 
      3  350.746664295921 
      3  351.137103504127 
      2  351.148622057548 
      2  351.328196784656 
      2  355.819570793692 
      3  356.068373947421 
      1  356.568775276444 
      1  360.204168477664 
      1  361.09113743326 
      1  402.163791013301 
      1  407.304585511206 
      1  407.898436185973 
      2  412.284344780319 
      2  417.406738717986 
      2  417.823024912655 
      2  417.857277391184 
      1  420.819326331204 
      2  423.35660300783 
      2  423.466945824522 
      2  428.428163462708 
      3  433.578930507087 
      3  433.604698032221 
      3  433.986086860873 
      4  434.022054909548 
      3  434.053516108262 
      3  439.216441337442 
      3  439.503825113453 
      4  439.731228407234 
      4  439.743966129707 
      3  439.76618864006 
      3  439.846234826377 
      4  444.423694548627 
      3  449.476671534543 
      4  449.531246877973 
      4  449.627080449517 
      3  449.67839847464 
      3  449.793989505301 
      3  449.907233312064 
      4  454.986081887313 
      4  455.026958031083 
      4  455.073536757023 
      3  455.129456285561 
      3  455.444929444107 
      3  455.508555495978 
      3  455.701612946155 
      2  460.324490492547 
      4  460.770864156386 
      3  461.21318935878 
      4  461.294389915414 
      3  461.4863939356 
      4  466.771065133038 
      3  466.776680514543 
      3  466.799163242058 
      3  466.829653073346 
      3  466.965001888053 
      4  467.265656931914 
      3  472.647033070688 
      3  472.676157866911 
      3  472.750353228775 
      4  472.783803782062 
      4  472.788767329314 
      3  472.810121147026 
      4  478.112671375401 
      3  478.33458510893 
      3  478.403442894291 
      4  478.533360280559 
      3  478.596039922262 
      3  478.612800399062 
      2  481.28282680922 
      3  483.696801898549 
      4  483.964914488796 
      3  484.04428547257 
      4  484.420791661585 
      2  489.270206035163 
      2  494.746135629547 
      1  494.784370700253 
      1  495.140018924393 
      1  521.063825197665 
      1  531.246441826676 
      1  536.473518608236 
      1  536.997078451051 
      1  541.757259706662 
      1  546.82337774942 
      1  546.852283415022 
      2  547.144178114143 
      2  552.047522963118 
      3  552.497506797284 
      3  557.566722099248 
      2  557.749039033331 
      2  558.066142796153 
      2  558.319193780036 
      1  560.76610097694 
      3  562.577534669149 
      3  567.65246240839 
      2  567.782247753062 
      3  567.80665781434 
      2  567.897840885783 
      2  568.029453008727 
      3  570.580147569364 
      3  575.635212656081 
      3  575.724839018151 
      3  575.783193774927 
      4  575.87535348577 
      4  575.922241130812 
      3  576.068501743186 
      3  581.142563409985 
      3  581.155659264068 
      3  581.165820884307 
      3  581.503981057096 
      4  581.578994422772 
      4  581.645506375994 
      3  581.905753845929 
      4  587.054362004604 
      3  587.092572770519 
      3  587.256736788452 
      3  587.461108328021 
      4  587.511295071729 
      3  587.526096080048 
      3  592.72230468991 
      4  592.761278893154 
      3  592.811619523007 
      3  592.870337591337 
      4  593.288784207709 
      3  593.351848587568 
      3  598.600204983395 
      3  598.776754810293 
      3  598.885060278778 
      3  598.914631202198 
      4  598.961975864847 
      4  599.045110738216 
      3  600.956063987192 
      4  604.374315543726 
      3  604.826785939775 
      4  604.863444183368 
      3  609.982644117884 
      3  610.19550873558 
      4  610.286674557197 
      3  610.374503748947 
      4  610.458171314615 
      3  610.471624812027 
      3  615.570577118748 
      3  615.76641682537 
      4  615.855819457236 
      3  615.943250243186 
      3  616.157582714089 
      4  616.247074256183 
      3  620.757231338181 
      4  621.715944759776 
      3  621.778573288186 
      4  621.962092961533 
      3  627.019583952698 
      2  627.098204981547 
      3  627.150792527014 
      2  627.479903356052 
      2  627.743059992624 
      3  627.758556480372 
      2  631.700084118369 
      3  632.739178135192 
      1  670.474227291753 
      1  675.871223666461 
      1  676.226944543426 
      1  681.061742776889 
      1  681.090460653564 
      1  685.950555496565 
      2  691.091927399135 
      2  691.26270187628 
      2  691.572504244156 
      3  691.683241460139 
      2  697.074130010223 
      3  697.125435106927 
      2  697.191825771648 
      2  697.213886177456 
      2  701.280568300186 
      3  701.889571251319 
      3  706.928888225024 
      2  707.112194588414 
      2  707.126918992993 
      3  707.5174795528 
      2  707.680671318366 
      3  711.431093870288 
      3  715.796208826106 
      3  720.746584238641 
      3  720.966830798942 
      4  721.027929688576 
      3  721.522982858111 
      4  721.561927490016 
      3  726.751518165956 
      3  726.785361158953 
      4  726.892195376729 
      3  727.016559989306 
      4  727.272197612642 
      3  727.379868565288 
      3  732.452580300793 
      3  732.52209947696 
      3  732.527719411096 
      4  732.97660813381 
      3  733.05091787226 
      4  733.201547496691 
      4  738.317070507321 
      4  738.414400592514 
      3  738.677726944654 
      3  738.767743873035 
      3  738.949011706884 
      3  739.017499867964 
      2  740.692161332712 
      4  744.319790468388 
      3  744.361312119351 
      4  744.684569541472 
      3  744.691020399047 
      4  749.825961013736 
      3  749.846231996149 
      4  750.243267204008 
      3  750.27390999321 
      3  750.445902832589 
      3  750.51204390254 
      4  755.721035674753 
      3  755.786328694614 
      3  755.79387685106 
      4  755.875619162609 
      3  755.902770450617 
      3  755.919907932615 
      4  760.990556522557 
      2  761.007768964505 
      3  761.177957460783 
      3  761.264956809306 
      4  761.303662392018 
      4  761.490254697871 
      4  761.714558331571 
      3  766.170325956694 
      2  768.844462358828 
      2  771.323781019852 
      2  771.344442544578 
      1  811.706476002169 
      1  816.969516611638 
      1  817.259263662818 
      1  821.160726798659 
      2  821.876286115589 
      1  827.155595236044 
      1  827.329195362847 
      2  827.414466137447 
      2  831.22253262283 
      2  836.237776324635 
      3  836.850407141088 
      2  836.911613524327 
      2  836.94851686642 
      2  840.853265794551 
      3  842.402647742687 
      2  842.683114783206 
      4  847.73721773153 
      3  847.785738761638 
      3  848.008308619148 
      3  848.091302478695 
      3  848.107048961845 
      4  848.343935237283 
      3  853.423342466369 
      3  853.573111066376 
      3  853.593649026254 
      4  853.931009205939 
      4  854.077586396565 
      3  854.102224881244 
      4  859.164589693465 
      3  859.172359878544 
      3  859.492050227367 
      3  859.596756010356 
      3  859.789490877709 
      4  859.877192847554 
      3  865.094772701906 
      3  865.122519589215 
      4  865.446515937597 
      3  865.574593388531 
      4  865.635678520072 
      3  865.649529862096 
      3  870.726834402426 
      3  870.863196602312 
      4  871.205534792661 
      3  871.410278905236 
      3  871.442491425487 
      4  871.476207745026 
      4  876.562606597519 
      3  876.801017783354 
      3  876.821012449893 
      4  876.994263856266 
      3  877.043895217678 
      3  877.199184243851 
      3  882.64789622687 
      3  882.739384063065 
      4  882.802543864261 
      3  882.810975981105 
      3  882.831200401617 
      4  883.483345183136 
      4  888.346536273285 
      4  892.91254982762 
      3  898.187265043163 
      4  898.291158260365 
      3  898.480905768114 
      3  898.547101705351 
      4  898.609725227793 
      3  898.721618450384 
      3  901.104903947066 
      2  903.808617254249 
      3  904.026733880262 
      1  909.081794801238 
      2  909.125400029041 
      2  909.157637083849 
      1  909.227102237949 
      1  948.690783348822 
      1  953.853003716481 
      1  954.520498448536 
      1  959.034399645385 
      2  959.213067836566 
      2  964.493284437012 
      1  964.712959834791 
      1  964.796874553298 
      2  970.105298928856 
      2  970.185474290871 
      3  970.31070979631 
      2  970.558513572099 
      2  975.571987807175 
      3  975.911144277837 
      2  975.930829042934 
      2  976.017568418357 
      2  980.900745420184 
      3  981.051642911117 
      2  981.79712000776 
      3  981.848839818043 
      2  987.043430352571 
      3  987.185140198019 
      2  987.39805135491 
      3  987.407216983798 
      2  987.465248008302 
      3  992.148867807357 
      3  997.24865320342 
      4  997.293321763886 
      3  997.387364559925 
      3  997.393598648006 
      4  997.538310069082 
      3  997.9144866245 
