      1  61.463465331365 
      1  82.239575245572 
      1  82.677239269284 
      1  88.030877464147 
      1  140.691076813865 
      1  218.242415077778 
      1  220.115225876322 
      1  220.991894347145 
      1  225.674537221411 
      1  231.326351383488 
      1  231.510804404529 
      1  235.730602258577 
      1  339.577826720265 
      1  339.744141671418 
      2  361.09113743326 
      1  366.896816250152 
      1  372.640813073114 
      1  402.163791013301 
      1  439.216441337442 
      1  461.4863939356 
      2  499.725535225106 
      1  504.998248274409 
      2  505.141892215059 
      1  505.425456445607 
      1  541.757259706662 
      1  581.142563409985 
      1  581.155659264068 
      1  581.165820884307 
      1  635.800867274736 
      1  637.521675919696 
      3  641.032642203369 
      2  641.247749397911 
      1  646.543346878015 
      1  650.434591023473 
      1  761.264956809306 
      1  761.490254697871 
      1  771.323781019852 
      1  771.344442544578 
      1  776.920725872168 
      1  777.659208906722 
      1  780.769675064336 
      2  781.537543433556 
      1  859.492050227367 
      1  859.596756010356 
      1  909.157637083849 
      1  913.207417659217 
      2  918.833876745696 
      2  918.965845835912 
      1  923.122026495847 
      1  928.123478433599 
