0 0
5 0
10 0
15 0
20 0
25 0
30 1
35 1
40 1
45 1
50 1
55 1
60 1
65 1
70 1
75 1
80 0
85 0
90 0
95 1
100 0
105 1
110 1
115 1
120 1
125 1
130 1
135 1
140 0
145 1
150 1
155 1
160 1
165 0
170 1
175 1
180 1
185 0
190 1
195 1
200 1
205 1
210 1
215 1
220 1
225 0
230 0
235 0
240 0
245 0
250 1
255 1
260 1
265 1
270 1
275 1
280 1
285 1
290 1
295 1
300 0
305 0
310 1
315 1
320 1
325 1
330 1
335 1
340 1
345 0
350 1
355 1
360 0
365 0
370 0
375 0
380 0
385 0
390 1
395 1
400 1
405 1
410 1
415 1
420 1
425 1
430 1
435 1
440 0
445 1
450 1
455 0
460 1
465 1
470 1
475 1
480 1
485 1
490 0
495 0
500 0
505 0
510 0
515 0
520 1
525 1
530 1
535 1
540 1
545 1
550 1
555 1
560 0
565 1
570 1
575 1
580 1
585 1
590 1
595 1
600 1
605 1
610 0
615 1
620 1
625 1
630 0
635 1
640 1
645 0
650 0
655 0
660 0
665 0
670 1
675 1
680 1
685 1
690 1
695 1
700 0
705 1
710 1
715 1
720 1
725 1
730 1
735 1
740 1
745 1
750 0
755 1
760 1
765 0
770 1
775 1
780 0
785 0
790 0
795 0
800 1
805 1
810 1
815 1
820 0
825 1
830 1
835 1
840 1
845 1
850 1
855 1
860 1
865 0
870 1
875 1
880 1
885 0
890 0
895 1
900 1
905 1
910 1
915 1
920 0
925 0
930 0
935 1
940 1
945 1
950 1
955 1
960 1
965 1
970 0
975 1
980 1
985 1
990 1
995 1
