      1  87.239575245572 
      1  97.284255641655 
      1  113.240069982167 
      1  210.425219054167 
      1  235.280963700857 
      1  255.168176939116 
      1  270.164901972972 
      1  350.290337914126 
      1  371.896816250152 
      1  450.207211190844 
      1  490.215549546658 
      1  504.725535225106 
      1  509.04428547257 
      1  514.196499831696 
      1  519.725535225106 
      1  630.409693950564 
      1  650.138202233157 
      1  656.404826563453 
      1  670.325474521472 
      1  781.344442544578 
      1  830.714918789724 
      1  890.614153010641 
      1  932.91254982762 
