      1  81.987356117971 
      1  82.368286694824 
      1  87.368286694824 
      1  92.531520328114 
      1  92.578702044194 
      1  219.730710453201 
      1  230.115225876322 
      1  235.377380847997 
      1  355.746664295921 
      1  361.148622057548 
      1  366.068373947421 
      1  375.819570793692 
      1  494.420791661585 
      1  499.270206035163 
      1  504.746135629547 
      1  509.461789757944 
      1  514.998248274409 
      1  636.700084118369 
      1  641.165820884307 
      1  647.242223443117 
      1  781.323781019852 
      1  908.721618450384 
      1  914.026733880262 
      1  919.157637083849 
      1  923.207417659217 
      1  933.122026495847 
