      1  79.126179988603 
      1  84.917482207178 
      1  90.484066628227 
      1  220.699046548907 
      1  226.925718083387 
      2  232.274332935208 
      1  357.037988122939 
      1  362.892244311237 
      1  368.459901802306 
      1  374.046472086046 
      2  498.081982884888 
      1  503.877575963637 
      1  509.137229400931 
      1  514.360512836296 
      1  631.515689521938 
      1  637.179220737499 
      1  642.899435770594 
      1  654.487898458889 
      1  715.516284032518 
      1  772.288373915015 
      1  778.063341881325 
      1  783.835678895867 
      1  794.035494294059 
      1  915.072151394614 
      1  915.097643767351 
      1  920.584507155181 
      1  931.680637867535 
