0 0
5 0
10 0
15 0
20 0
25 0
30 1
35 1
40 1
45 1
50 0
55 0
60 1
65 1
70 1
75 1
80 0
85 0
90 0
95 0
100 0
105 0
110 1
115 1
120 1
125 1
130 1
135 1
140 1
145 1
150 1
155 0
160 1
165 0
170 1
175 1
180 0
185 1
190 1
195 1
200 1
205 0
210 1
215 0
220 1
225 0
230 0
235 1
240 0
245 1
250 1
255 1
260 1
265 1
270 1
275 1
280 1
285 1
290 1
295 1
300 1
305 1
310 1
315 1
320 0
325 1
330 1
335 1
340 1
345 1
350 1
355 1
360 0
365 0
370 0
375 0
380 0
385 1
390 1
395 1
400 1
405 1
410 1
415 0
420 1
425 1
430 1
435 1
440 1
445 1
450 1
455 1
460 1
465 1
470 0
475 1
480 1
485 1
490 1
495 1
500 0
505 0
510 0
515 1
520 0
525 1
530 1
535 1
540 1
545 1
550 1
555 1
560 1
565 1
570 0
575 1
580 1
585 1
590 1
595 1
600 1
605 1
610 1
615 0
620 1
625 1
630 1
635 1
640 0
645 0
650 0
655 1
660 1
665 1
670 1
675 1
680 1
685 1
690 1
695 1
700 1
705 1
710 0
715 1
720 1
725 1
730 1
735 1
740 1
745 1
750 1
755 1
760 1
765 1
770 1
775 1
780 0
785 0
790 0
795 0
800 1
805 1
810 1
815 1
820 0
825 1
830 1
835 1
840 1
845 1
850 1
855 1
860 1
865 0
870 0
875 1
880 1
885 1
890 1
895 1
900 1
905 1
910 0
915 0
920 0
925 0
930 0
935 0
940 1
945 1
950 1
955 1
960 1
965 0
970 1
975 1
980 1
985 0
990 1
995 1
