      1  26.050087384357 
      1  30.71899039409 
      1  35.802490961138 
      1  36.1313497252 
      2  41.19657949166 
      1  41.545305968982 
      1  41.557200487662 
      1  41.652679842839 
      2  46.717115096096 
      2  46.782444403102 
      3  47.071033048111 
      3  52.051284065333 
      3  57.014073048348 
      1  60.503377607761 
      3  62.071046015667 
      3  62.093625751382 
      2  62.506844184147 
      2  62.783585933614 
      3  68.054007888518 
      4  68.072023559219 
      3  68.245485827482 
      3  68.30747672022 
      4  68.43629683729 
      4  73.535106566841 
      3  73.625593074863 
      4  73.817227414143 
      2  74.085067676189 
      3  74.099640570827 
      2  74.126179988603 
      1  79.195449665666 
      1  79.278745410788 
      1  79.37107868761 
      1  84.979506477369 
      1  85.322637547404 
      1  121.986209824158 
      1  122.304908969808 
      2  127.699575828747 
      2  128.135024411001 
      2  132.928187390755 
      2  138.275451302233 
      2  138.60251001753 
      2  138.727681311733 
      1  140.60565658911 
      2  143.900887652373 
      2  144.165624321502 
      3  144.377687701181 
      4  149.489341844251 
      3  149.650199077936 
      3  149.84081350138 
      3  149.866052609976 
      3  149.898822839033 
      3  155.043511290377 
      4  155.079466004273 
      3  155.511910818688 
      3  155.709852573083 
      3  155.737776004079 
      1  160.510364694314 
      3  160.941152697895 
      4  161.099896778241 
      3  161.176363971132 
      4  161.332728305329 
      3  161.536787130451 
      4  165.427121084266 
      5  170.54282268752 
      4  170.638316381309 
      4  170.706459836081 
      5  170.815343134111 
      4  170.930014956646 
      4  171.135807032302 
      4  176.174066645805 
      5  176.267610585851 
      4  176.324721503736 
      4  176.334734123334 
      4  176.898742456262 
      5  176.922332563078 
      5  181.260378083612 
      5  182.226510112277 
      5  182.408945129794 
      5  187.578719685039 
      4  187.840476674157 
      4  187.918007279894 
      4  188.015990948359 
      4  188.155000914203 
      5  188.191448836707 
      4  193.254045254975 
      5  193.39198166913 
      4  193.396630710229 
      4  193.614584557541 
      5  193.667944624848 
      4  193.886337565161 
      5  198.950029743196 
      4  198.965599424795 
      4  199.261635079825 
      4  199.297459732138 
      4  199.486106905065 
      5  199.637888576689 
      5  204.67892609126 
      4  204.690839639483 
      4  205.031462097243 
      4  205.228094987422 
      5  205.271190766851 
      5  205.289702738766 
      4  205.44839218216 
      5  210.578541925994 
      5  210.874753736544 
      4  210.886365156907 
      4  210.89803073988 
      4  211.081422402689 
      4  211.271274023352 
      4  215.699046548907 
      2  221.107414140023 
      1  221.221765925287 
      2  221.26405956749 
      1  221.433035533327 
      1  221.461001081304 
      1  227.274332935208 
      1  260.47627063493 
      1  263.607066110524 
      2  268.872405648492 
      2  269.029762526006 
      2  269.096337910064 
      2  274.387193174044 
      2  274.407095337864 
      2  274.624148822622 
      2  279.482547473514 
      1  280.741853144921 
      2  284.776789779623 
      3  284.883909844044 
      2  285.11807098568 
      3  290.174699223026 
      4  290.22143839679 
      3  290.347898422045 
      3  290.739009518133 
      3  290.929391296965 
      3  295.868519774173 
      4  295.956898073899 
      4  301.080360843221 
      3  301.099598065492 
      3  301.184410802729 
      4  301.390220612677 
      2  301.471308406133 
      3  301.55653556383 
      3  301.724944314033 
      3  306.708876279402 
      5  312.013369209797 
      4  312.079653665631 
      4  312.185087771726 
      4  312.191162543013 
      5  312.311598776852 
      4  312.362832923683 
      4  317.453494047858 
      5  317.526885937872 
      4  317.599853357645 
      4  317.721709661698 
      4  317.872055896642 
      5  317.973565335572 
      5  321.470577311066 
      5  323.390200611006 
      5  323.426101249082 
      4  328.531908063912 
      4  328.574824185535 
      5  328.594396202551 
      4  328.69766788865 
      4  328.886128055328 
      5  329.212311591529 
      4  334.337291667547 
      5  334.372722521874 
      4  334.505977190148 
      4  334.521246013131 
      5  334.77273834347 
      4  335.017990408421 
      4  340.367937738886 
      4  340.421316490434 
      4  340.598708405523 
      4  340.621611828962 
      5  340.654627155261 
      4  340.685242402682 
      5  340.735607017791 
      4  346.115192020915 
      5  346.199869970267 
      4  346.214120455727 
      5  346.28632590709 
      4  346.325320089224 
      4  346.417038014799 
      3  351.654540124764 
      3  351.675815670504 
      3  351.69839252478 
      4  352.037988122939 
      2  357.158541889957 
      1  357.416284730809 
      1  357.532005783787 
      1  357.772633295611 
      2  357.850233368968 
      2  357.892244311237 
      1  400.514514301875 
      1  404.900736763561 
      2  409.877658910481 
      2  415.022512810228 
      2  415.03128063187 
      2  415.662439899926 
      2  420.163833412488 
      2  421.051683503834 
      2  425.126944451078 
      3  430.344049938328 
      3  430.411615648516 
      3  430.906207447392 
      3  430.91362288834 
      4  430.945746345087 
      4  436.294999027114 
      3  436.430442641948 
      3  436.468856742487 
      3  436.474730307863 
      3  436.49318778829 
      3  441.13986929571 
      4  441.774135248168 
      3  441.795738016665 
      4  442.216426921823 
      3  447.28672668754 
      3  447.30042842131 
      5  447.547497529776 
      5  447.568541011557 
      4  447.664672472131 
      4  447.901946755488 
      4  452.890593034724 
      5  457.955057698603 
      4  458.254172073392 
      4  458.413781352272 
      4  458.420287326829 
      5  458.57184278726 
      4  458.609820297532 
      4  463.820842554356 
      5  463.837411621848 
      4  464.026177287485 
      5  464.238093599958 
      4  464.277380407184 
      4  464.309741518033 
      5  464.441308421679 
      4  469.601586749449 
      5  470.02923705656 
      4  470.081973573321 
      4  470.103030478188 
      5  470.192567547278 
      4  470.2263687391 
      4  475.397047362342 
      5  475.443844092391 
      5  475.473252877039 
      4  475.590932157231 
      5  475.780815498098 
      4  475.989533444583 
      4  476.05668770581 
      4  481.3183149362 
      5  481.447135897327 
      4  481.466381116381 
      3  481.513154143875 
      5  481.533912281769 
      4  481.547083802337 
      4  481.807324330185 
      4  486.902348038545 
      4  487.082262642598 
      5  487.097587586641 
      5  487.157183471369 
      4  487.194242737666 
      4  487.260295902136 
      3  492.511828138183 
      2  492.779495038266 
      2  492.889023717668 
      2  493.081982884888 
      1  498.162010756753 
      1  498.436154641112 
      1  498.750187162947 
      1  521.380144102961 
      1  526.975532064981 
      1  531.528752261636 
      1  536.857240021174 
      1  536.985685328761 
      2  542.220868141867 
      1  542.362563208713 
      1  542.564645157122 
      2  547.659214086809 
      3  548.097856848332 
      2  548.190492151611 
      3  553.521332795644 
      2  553.615398374336 
      2  553.707984125611 
      2  553.883754302259 
      2  558.788231042022 
      1  560.904562254621 
      3  563.907430976538 
      2  564.248119659444 
      3  564.396411670681 
      2  564.449460655871 
      3  569.548398274387 
      3  569.728476222893 
      3  570.044187787118 
      4  570.148872055345 
      4  570.153859015935 
      3  575.204608660719 
      3  575.392288997496 
      4  575.620497486504 
      3  575.821632132145 
      4  575.828088304313 
      3  575.929308460091 
      2  580.765745850269 
      4  580.986799451256 
      4  581.118008025572 
      3  581.235698921544 
      3  581.248940153452 
      4  586.591636113573 
      3  586.608391938593 
      3  586.783203387514 
      3  586.887647085508 
      3  586.917519439264 
      4  587.026025327111 
      4  592.119623962566 
      4  592.257800255744 
      5  592.477102397427 
      4  592.55005677361 
      4  592.632984459633 
      5  592.771935900729 
      5  597.9352913265 
      4  598.068324691045 
      4  598.07605004736 
      4  598.087418597832 
      5  598.296655957892 
      4  598.433804304178 
      4  603.473179738899 
      5  603.702017460125 
      4  603.759622577061 
      5  603.900888841166 
      4  604.122464845744 
      4  604.168022415046 
      4  609.213977960601 
      4  609.51933174221 
      4  609.591713989993 
      4  609.60692776182 
      5  609.91796645242 
      5  609.988710364701 
      4  615.179229475129 
      4  615.219795557036 
      4  615.327143647558 
      5  615.670683704093 
      5  615.687987789036 
      4  615.751239550541 
      4  620.475218491925 
      5  620.892611453111 
      5  621.14271776036 
      4  621.57171642399 
      4  626.515689521938 
      3  631.673362477677 
      3  631.722019313118 
      3  631.876639878928 
      4  631.906578072022 
      1  632.024273833447 
      4  632.105543846461 
      4  632.112522897777 
      3  632.179220737499 
      1  637.401844074594 
      1  670.565630555795 
      1  670.83063220374 
      1  676.404624207902 
      1  676.572640895903 
      1  681.73430335058 
      1  681.867089195507 
      2  682.327523329445 
      3  687.419336000468 
      2  687.462463944134 
      2  687.910412923608 
      2  692.994615817402 
      2  693.192245872128 
      3  693.301139471685 
      2  693.384418023634 
      3  698.642467551802 
      2  698.664714731754 
      2  698.857951781538 
      3  698.971902270888 
      2  699.0442317531 
      1  700.281723695488 
      2  704.270773388687 
      3  704.418348883688 
      2  704.652304591202 
      3  704.761662050523 
      3  709.915117113681 
      4  710.332786410328 
      3  710.349401586808 
      4  710.516284032518 
      3  710.567734851593 
      3  715.65484476347 
      4  715.745529786735 
      3  715.760835740571 
      3  715.873195071384 
      3  715.961333293435 
      4  716.246255223924 
      4  716.371191397771 
      3  720.456613657277 
      4  721.433178318807 
      4  721.457105375028 
      3  721.907180867329 
      4  727.048059796328 
      4  727.276258363241 
      4  727.375699802508 
      5  727.411361371839 
      5  727.542925923403 
      4  727.621692303206 
      4  732.744851260519 
      4  732.765696178236 
      4  732.948815442918 
      4  733.032674502515 
      5  733.141215069954 
      5  733.403812992925 
      5  738.404255679423 
      4  738.573623106345 
      5  738.765037589041 
      4  738.780335768532 
      4  738.851191488677 
      4  739.231811441477 
      4  741.329111151619 
      5  744.684720688735 
      5  744.987016293326 
      4  745.061342343132 
      4  750.073811926917 
      4  750.514914644715 
      4  750.613519198113 
      5  750.68921686139 
      5  750.750423244629 
      4  750.787326586722 
      4  756.013513593691 
      4  756.232012655975 
      4  756.241457462989 
      5  756.414975209393 
      5  756.47598132273 
      4  756.558827845601 
      3  761.088443873048 
      5  761.530084271054 
      4  766.5872102812 
      3  766.60949150014 
      5  766.759260100147 
      5  766.779798060025 
      4  766.939587968944 
      3  767.263735430336 
      4  767.288373915015 
      2  772.350738727236 
      1  772.358508912315 
      2  772.418402439374 
      1  772.553762106681 
      2  772.782905044127 
      2  772.817821509177 
      2  773.063341881325 
      1  778.821827553843 
      1  809.281600157571 
      1  814.747232062592 
      1  815.060124983747 
      1  820.021947278135 
      1  821.015243643809 
      2  825.381655856878 
      1  825.777251527462 
      2  831.088949447788 
      3  831.137427878316 
      2  831.359943858284 
      2  831.521008582275 
      2  836.490847061871 
      2  840.395617313709 
      3  842.11730614835 
      3  842.249275238566 
      2  842.263445436513 
      3  847.467316836606 
      4  847.47292210474 
      4  847.535639144325 
      3  847.750797076182 
      3  848.061674912584 
      3  848.09825873772 
      3  853.272086172375 
      3  853.353848950761 
      4  853.385369789462 
      3  853.518740458182 
      4  853.638307328523 
      3  853.781781656109 
      4  858.894525510983 
      3  859.037203478662 
      3  859.110235340714 
      3  859.314958621401 
      3  859.390012219714 
      4  859.416922840064 
      3  864.698568641297 
      3  864.857206363767 
      4  864.967681292338 
      3  865.037829104527 
      3  865.092825111873 
      4  865.246637939778 
      5  870.180495991961 
      4  875.454432136091 
      4  875.639380783588 
      5  875.653010448041 
      4  875.680387990186 
      5  875.730877017819 
      4  875.764302708693 
      4  881.025580719558 
      4  881.039301393377 
      5  881.136618179528 
      5  881.256127312135 
      4  881.278137951705 
      4  881.51768989045 
      5  881.565674343088 
      5  886.614980342906 
      4  886.686488211271 
      5  887.033126704539 
      4  887.104811118101 
      4  887.345225932491 
      4  887.396945742774 
      4  892.591536277302 
      4  892.73324612275 
      5  892.748693542371 
      4  892.946157279641 
      4  892.96163412275 
      5  893.059737951795 
      5  898.061419518813 
      4  898.204191908324 
      4  898.304468792444 
      4  898.44918021352 
      5  898.550886565102 
      4  898.825356768938 
      4  901.072671727117 
      3  904.309002513511 
      3  904.445143096894 
      1  909.614161274831 
      2  909.880348577693 
      2  909.90736079958 
      3  910.072151394614 
      3  910.097643767351 
      1  947.229795844097 
      1  952.35702564487 
      1  952.373084725398 
      1  957.565474150847 
      1  957.909127653458 
      1  962.9886297322 
      1  963.049249921544 
      2  963.527014742438 
      3  968.094596517084 
      3  973.211931583535 
      2  973.451895228043 
      2  973.773636931894 
      2  973.82296168787 
      2  979.024832096224 
      2  979.247860289899 
      3  979.293278784811 
      2  979.557416449183 
      3  984.610605253727 
      2  984.73271938433 
      2  984.763362569167 
      3  984.984589219141 
      4  985.397095386387 
      4  990.533535847895 
      3  990.562021280116 
      3  990.769671184708 
      3  990.787551793641 
      4  990.983557054762 
      3  991.051499224248 
      4  996.031176132304 
      3  996.250232384164 
      3  1000.392610282998 
