      1  41.545305968982 
      1  79.195449665666 
      1  79.917482207178 
      1  84.979506477369 
      1  85.322637547404 
      1  121.986209824158 
      1  199.486106905065 
      1  221.221765925287 
      2  221.26405956749 
      1  221.461001081304 
      2  221.721137993546 
      2  221.925718083387 
      1  227.088536723026 
      1  232.738190206299 
      1  238.528715278588 
      1  301.099598065492 
      1  301.724944314033 
      1  340.421316490434 
      1  340.598708405523 
      1  340.621611828962 
      2  357.772633295611 
      2  357.892244311237 
      1  363.114571810494 
      2  363.309576339022 
      2  363.581541794511 
      1  369.393958336346 
      1  380.194552275782 
      1  458.609820297532 
      1  481.3183149362 
      1  481.807324330185 
      1  492.779495038266 
      1  493.081982884888 
      2  498.750187162947 
      2  498.768439044705 
      1  498.877575963637 
      1  503.973152128618 
      1  504.045794312285 
      1  504.641329129181 
      1  509.844375334744 
      1  542.362563208713 
      1  581.235698921544 
      1  598.068324691045 
      1  631.876639878928 
      1  632.105543846461 
      1  632.179220737499 
      1  637.401844074594 
      2  637.899435770594 
      2  637.970320804546 
      1  643.202041667016 
      1  643.638079900738 
      1  648.957844025105 
      1  681.73430335058 
      1  772.358508912315 
      1  772.418402439374 
      1  772.553762106681 
      1  772.817821509177 
      2  778.280921735677 
      2  778.515222050154 
      1  778.821827553843 
      1  783.899132094173 
      1  784.035494294059 
      2  784.377832484408 
      1  859.314958621401 
      1  859.390012219714 
      1  909.614161274831 
      1  915.228772108187 
      1  915.237930500018 
      1  921.039161301424 
      1  921.09526034767 
      1  926.897930454629 
      1  942.030507312695 
      1  979.557416449183 
