      1  40.82116882816 
      1  60.391116526612 
      1  79.126179988603 
      2  84.917482207178 
      1  90.322637547404 
      1  100.937676992357 
      1  106.015688270576 
      1  120.402280702237 
      1  140.298502159315 
      1  160.329205846275 
      1  180.706440218417 
      1  220.515322393096 
      1  221.125376043802 
      2  226.925718083387 
      2  232.61934198174 
      1  242.823906685962 
      1  260.209620050136 
      1  280.334702950893 
      1  300.788696343722 
      1  320.668751618648 
      1  340.415285603144 
      1  357.037988122939 
      1  362.892244311237 
      1  368.581541794511 
      1  384.504102254337 
      1  400.777359522805 
      1  420.513659745958 
      1  440.546547548445 
      1  480.699261779534 
      1  498.081982884888 
      1  503.877575963637 
      1  509.641329129181 
      1  520.869651423375 
      1  540.353066275856 
      1  560.122887053062 
      1  580.296875346676 
      1  620.217981965002 
      1  637.179220737499 
      1  642.970320804546 
      1  648.638079900738 
      1  653.957844025105 
      1  660.761381439837 
      1  680.155874922537 
      1  700.211075105546 
      1  720.259649848277 
      1  740.621121016341 
      1  760.763250037106 
      2  772.288373915015 
      1  777.817821509177 
      1  778.063341881325 
      2  783.821827553843 
      1  789.377832484408 
      1  801.067646776036 
      1  820.636635211064 
      1  840.100749482112 
      1  880.797072465877 
      1  900.837385528479 
      1  909.445143096894 
      1  915.072151394614 
      2  920.812033991296 
      1  926.636873053295 
      1  940.646300801104 
      1  960.473444203176 
      1  1000.219401259432 
