0 0
5 0
10 0
15 0
20 0
25 0
30 0
35 0
40 1
45 0
50 0
55 0
60 1
65 0
70 0
75 1
80 1
85 0
90 1
95 0
100 1
105 1
110 0
115 0
120 1
125 0
130 0
135 0
140 1
145 0
150 0
155 0
160 1
165 0
170 0
175 0
180 1
185 0
190 0
195 0
200 0
205 0
210 0
215 0
220 1
225 1
230 1
235 0
240 1
245 0
250 0
255 0
260 1
265 0
270 0
275 0
280 1
285 0
290 0
295 0
300 1
305 0
310 0
315 0
320 1
325 0
330 0
335 0
340 1
345 0
350 0
355 1
360 1
365 1
370 0
375 0
380 1
385 0
390 0
395 0
400 1
405 0
410 0
415 0
420 1
425 0
430 0
435 0
440 1
445 0
450 0
455 0
460 0
465 0
470 0
475 0
480 1
485 0
490 0
495 1
500 1
505 1
510 0
515 0
520 1
525 0
530 0
535 0
540 1
545 0
550 0
555 0
560 1
565 0
570 0
575 0
580 1
585 0
590 0
595 0
600 0
605 0
610 0
615 0
620 1
625 0
630 0
635 1
640 1
645 1
650 1
655 0
660 1
665 0
670 0
675 0
680 1
685 0
690 0
695 0
700 1
705 0
710 0
715 0
720 1
725 0
730 0
735 0
740 1
745 0
750 0
755 0
760 1
765 0
770 1
775 1
780 1
785 1
790 0
795 0
800 1
805 0
810 0
815 0
820 1
825 0
830 0
835 0
840 1
845 0
850 0
855 0
860 0
865 0
870 0
875 0
880 1
885 0
890 0
895 0
900 1
905 1
910 0
915 1
920 1
925 1
930 0
935 0
940 1
945 0
950 0
955 0
960 1
965 0
970 0
975 0
980 0
985 0
990 0
995 0
