      1  30.288707685695 
      1  35.288707685695 
      1  35.71899039409 
      1  40.802490961138 
      1  41.1313497252 
      1  46.545305968982 
      1  46.652679842839 
      2  62.014073048348 
      1  67.506844184147 
      2  67.783585933614 
      4  73.43629683729 
      1  79.126179988603 
      1  111.394836427738 
      1  116.394836427738 
      1  121.394836427738 
      1  121.59730222144 
      1  126.986209824158 
      1  127.304908969808 
      1  132.699575828747 
      1  137.699575828747 
      2  137.928187390755 
      1  143.60251001753 
      1  143.727681311733 
      4  149.377687701181 
      1  154.866052609976 
      3  154.898822839033 
      3  160.737776004079 
      4  170.427121084266 
      1  175.930014956646 
      3  176.135807032302 
      4  187.408945129794 
      4  193.191448836707 
      1  198.667944624848 
      3  198.886337565161 
      4  204.637888576689 
      1  210.289702738766 
      4  210.44839218216 
      1  220.578541925994 
      1  220.699046548907 
      1  237.823906685962 
      1  248.424524739215 
      1  253.424524739215 
      1  258.424524739215 
      1  263.512464693873 
      1  268.512464693873 
      2  268.607066110524 
      1  274.029762526006 
      2  274.096337910064 
      1  279.407095337864 
      1  284.407095337864 
      1  284.482547473514 
      1  289.883909844044 
      3  290.11807098568 
      1  295.739009518133 
      4  300.956898073899 
      1  306.55653556383 
      1  311.55653556383 
      3  311.708876279402 
      1  317.311598776852 
      3  317.362832923683 
      4  328.426101249082 
      4  334.212311591529 
      1  339.77273834347 
      3  340.017990408421 
      4  345.735607017791 
      3  351.417038014799 
      2  357.037988122939 
      1  389.711355465522 
      1  394.711355465522 
      1  399.711355465522 
      1  404.711355465522 
      1  409.711355465522 
      1  414.711355465522 
      2  414.877658910481 
      1  420.03128063187 
      1  425.03128063187 
      1  430.03128063187 
      3  430.126944451078 
      4  435.945746345087 
      1  441.49318778829 
      4  447.216426921823 
      1  452.664672472131 
      1  457.664672472131 
      3  457.890593034724 
      1  463.57184278726 
      3  463.609820297532 
      4  469.441308421679 
      1  475.192567547278 
      3  475.2263687391 
      1  480.989533444583 
      3  481.05668770581 
      1  486.547083802337 
      3  486.807324330185 
      2  492.260295902136 
      1  498.081982884888 
      1  519.501020379381 
      1  526.380144102961 
      1  531.380144102961 
      1  536.380144102961 
      1  536.528752261636 
      1  541.857240021174 
      1  541.985685328761 
      1  547.362563208713 
      1  547.564645157122 
      1  553.097856848332 
      2  553.190492151611 
      1  558.707984125611 
      2  563.788231042022 
      1  569.396411670681 
      2  569.449460655871 
      4  575.153859015935 
      1  580.828088304313 
      1  580.929308460091 
      1  586.235698921544 
      3  586.248940153452 
      4  592.026025327111 
      4  597.771935900729 
      1  603.296655957892 
      3  603.433804304178 
      1  609.122464845744 
      3  609.168022415046 
      4  614.988710364701 
      1  620.751239550541 
      1  626.14271776036 
      2  631.515689521938 
      1  637.179220737499 
      1  659.818166345602 
      1  664.818166345602 
      1  669.818166345602 
      1  670.354452755777 
      1  675.565630555795 
      1  675.83063220374 
      1  681.404624207902 
      1  681.572640895903 
      2  687.327523329445 
      1  692.462463944134 
      2  692.910412923608 
      1  698.301139471685 
      2  698.384418023634 
      1  703.971902270888 
      1  704.0442317531 
      3  709.761662050523 
      1  715.516284032518 
      3  715.567734851593 
      1  721.371191397771 
      1  726.457105375028 
      3  726.907180867329 
      1  732.542925923403 
      3  732.621692303206 
      4  738.403812992925 
      1  744.231811441477 
      1  749.987016293326 
      3  750.061342343132 
      1  755.750423244629 
      3  755.787326586722 
      1  761.47598132273 
      3  766.530084271054 
      3  772.288373915015 
      1  778.063341881325 
      1  804.121893146552 
      1  809.121893146552 
      1  814.121893146552 
      1  814.281600157571 
      1  819.747232062592 
      1  825.021947278135 
      1  830.381655856878 
      2  830.777251527462 
      1  836.359943858284 
      1  841.490847061871 
      1  847.249275238566 
      3  847.263445436513 
      1  853.061674912584 
      3  853.09825873772 
      1  858.638307328523 
      3  858.781781656109 
      4  864.416922840064 
      4  875.180495991961 
      1  880.730877017819 
      3  880.764302708693 
      4  886.565674343088 
      1  892.345225932491 
      3  892.396945742774 
      4  898.059737951795 
      2  903.825356768938 
      1  909.445143096894 
      1  941.680637867535 
      1  946.680637867535 
      1  951.680637867535 
      1  952.229795844097 
      1  957.35702564487 
      1  957.373084725398 
      1  962.565474150847 
      1  962.909127653458 
      3  973.094596517084 
      1  978.773636931894 
      2  978.82296168787 
      1  984.293278784811 
      2  984.557416449183 
      4  990.397095386387 
      1  995.983557054762 
      1  1001.250232384164 
