      1  10.783942655065 
      1  30.579935013131 
      1  50.05940480683 
      1  70.20625114929 
      2  90.153985614116 
      1  90.482212416463 
      1  95.569892749261 
      1  95.629103224604 
      1  95.762099067688 
      1  95.898700205887 
      1  100.520132849832 
      1  110.396683434323 
      1  130.383393368423 
      1  150.520084771859 
      1  170.373618777385 
      1  190.430720969104 
      1  210.331140440964 
      1  225.38965705189 
      1  227.088536723026 
      2  230.804411919536 
      3  232.738190206299 
      1  233.46309910629 
      1  235.346334821368 
      1  240.485667153607 
      1  240.585178315265 
      1  245.499764972916 
      1  250.44689626487 
      1  251.834441836246 
      1  255.209620050136 
      1  270.34411977944 
      1  290.145219098879 
      1  310.81954798257 
      1  330.610120270001 
      1  350.194702154966 
      1  362.963804766115 
      1  363.309576339022 
      1  365.178617902846 
      2  369.393958336346 
      3  370.747224879694 
      1  375.106630868144 
      1  375.794802051448 
      2  380.303138621534 
      1  380.924409457993 
      1  395.777359522805 
      1  410.1796365928 
      1  430.287648577067 
      1  450.810074595856 
      1  470.347596763792 
      1  490.647306715595 
      1  504.045794312285 
      1  504.641329129181 
      1  505.768780563558 
      2  509.844375334744 
      2  510.208025185029 
      2  511.063986479964 
      1  515.428347464202 
      1  515.740227891552 
      1  520.089240854215 
      1  530.622425567452 
      1  550.25043972916 
      1  570.101035640054 
      1  590.544222658081 
      1  610.678813765496 
      1  630.555014196104 
      1  640.749442279274 
      1  643.638079900738 
      1  645.767801997243 
      2  648.957844025105 
      3  650.191674009273 
      1  651.585743072515 
      1  654.181277694042 
      1  655.761381439837 
      1  660.149934179141 
      1  670.117606343963 
      1  690.189460522095 
      1  710.578366660923 
      1  730.08060376199 
      1  750.440411933111 
      1  770.416547164135 
      1  778.515222050154 
      2  780.806979514799 
      1  783.899132094173 
      2  785.095610210468 
      1  789.702642522736 
      2  790.3468880382 
      2  790.66329768312 
      1  795.59732496078 
      1  795.725059832158 
      1  810.083432759336 
      1  830.165205876837 
      1  850.213011939312 
      1  870.770582305268 
      1  890.612180309371 
      1  910.074496796849 
      1  915.812033991296 
      1  920.405042965645 
      1  921.039161301424 
      1  925.422264513253 
      1  926.897930454629 
      1  927.232492155655 
      2  930.817076386167 
      1  930.946335814212 
      1  930.952437770887 
      2  935.646300801104 
      1  936.023137767013 
      1  950.492614750769 
      1  970.567149913712 
      1  990.807924350901 
