      1  10.783942655065
      1  15.288707685695
      1  26.050087384357
      1  30.579935013131
      1  30.71899039409
      2  35.802490961138
      1  35.82116882816
      2  36.1313497252
      2  41.19657949166
      3  41.545305968982
      2  41.557200487662
      1  41.652679842839
      3  46.717115096096
      3  46.782444403102
      3  47.071033048111
      1  50.05940480683
      4  52.051284065333
      1  55.391116526612
      4  57.014073048348
      1  60.503377607761
      4  62.071046015667
      4  62.093625751382
      5  62.506844184147
      5  62.783585933614
      5  68.054007888518
      5  68.072023559219
      5  68.245485827482
      5  68.30747672022
      5  68.43629683729
      1  70.20625114929
      6  73.535106566841
      6  73.625593074863
      6  73.817227414143
      6  74.085067676189
      5  74.099640570827
      6  74.126179988603
      1  75.254302460934
      4  79.195449665666
      4  79.278745410788
      3  79.37107868761
      6  79.917482207178
      4  84.979506477369
      3  85.259884409067
      4  85.322637547404
      3  85.484066628227
      1  85.805622635885
      4  90.153985614116
      2  90.482212416463
      3  90.676121346333
      3  90.685151880474
      4  95.569892749261
      4  95.629103224604
      3  95.762099067688
      2  95.898700205887
      4  95.937676992357
      2  100.520132849832
      1  101.015688270576
      3  101.767919791233
      1  106.394836427738
      1  106.903075943311
      1  107.481146204417
      2  110.396683434323
      1  112.2150361922
      2  115.402280702237
      1  115.546596110862
      1  116.59730222144
      2  121.986209824158
      2  122.304908969808
      2  127.699575828747
      2  128.135024411001
      1  130.383393368423
      3  132.928187390755
      1  135.298502159315
      3  138.275451302233
      3  138.60251001753
      3  138.727681311733
      1  140.60565658911
      4  143.900887652373
      4  144.165624321502
      4  144.377687701181
      4  149.489341844251
      4  149.650199077936
      4  149.84081350138
      4  149.866052609976
      4  149.898822839033
      1  150.520084771859
      5  155.043511290377
      5  155.079466004273
      1  155.329205846275
      5  155.511910818688
      5  155.709852573083
      5  155.737776004079
      1  160.510364694314
      5  160.941152697895
      5  161.099896778241
      5  161.176363971132
      5  161.332728305329
      5  161.536787130451
      6  165.427121084266
      1  170.373618777385
      7  170.54282268752
      6  170.638316381309
      6  170.706459836081
      7  170.815343134111
      6  170.930014956646
      6  171.135807032302
      1  175.706440218417
      7  176.174066645805
      7  176.267610585851
      7  176.324721503736
      7  176.334734123334
      7  176.898742456262
      7  176.922332563078
      5  181.260378083612
      8  182.226510112277
      8  182.408945129794
      8  187.578719685039
      8  187.840476674157
      8  187.918007279894
      8  188.015990948359
      8  188.155000914203
      8  188.191448836707
      1  190.430720969104
      8  193.254045254975
      9  193.39198166913
      8  193.396630710229
      9  193.614584557541
      9  193.667944624848
      9  193.886337565161
      1  195.392270550654
      9  198.950029743196
      9  198.965599424795
      9  199.261635079825
      9  199.297459732138
     10  199.486106905065
      9  199.637888576689
     10  204.67892609126
     10  204.690839639483
     10  205.031462097243
     10  205.228094987422
     10  205.271190766851
     10  205.289702738766
     10  205.44839218216
      1  205.520993390717
      1  210.331140440964
     11  210.578541925994
     10  210.874753736544
     10  210.886365156907
     10  210.89803073988
     10  211.081422402689
     10  211.271274023352
      1  215.515322393096
      8  215.699046548907
      2  216.125376043802
      3  220.875088283468
      7  221.107414140023
      6  221.221765925287
      8  221.26405956749
      6  221.433035533327
      6  221.461001081304
      4  221.721137993546
      9  221.925718083387
      2  225.38965705189
      5  227.088536723026
      4  227.241575602855
      5  227.274332935208
      4  227.61934198174
      4  230.804411919536
      4  232.366462457321
      4  232.510656871927
      5  232.738190206299
      4  232.823906685962
      4  233.46309910629
      5  235.346334821368
      2  237.884682204954
      1  238.061147228692
      1  238.528715278588
      4  240.485667153607
      3  240.585178315265
      4  241.069607434308
      1  243.424524739215
      2  245.499764972916
      3  246.37025291435
      3  246.719262772962
      1  248.630399606394
      3  250.44689626487
      2  251.834441836246
      2  255.209620050136
      1  258.512464693873
      1  260.47627063493
      2  263.607066110524
      1  265.230116573219
      1  265.273034971624
      2  268.872405648492
      2  269.029762526006
      2  269.096337910064
      1  270.34411977944
      3  274.387193174044
      3  274.407095337864
      3  274.624148822622
      1  275.334702950893
      3  279.482547473514
      1  280.741853144921
      4  284.776789779623
      4  284.883909844044
      4  285.11807098568
      1  290.145219098879
      4  290.174699223026
      5  290.22143839679
      4  290.347898422045
      4  290.739009518133
      4  290.929391296965
      1  295.788696343722
      5  295.868519774173
      5  295.956898073899
      5  301.080360843221
      6  301.099598065492
      5  301.184410802729
      5  301.390220612677
      2  301.471308406133
      5  301.55653556383
      6  301.724944314033
      6  306.708876279402
      1  310.81954798257
      7  312.013369209797
      7  312.079653665631
      6  312.185087771726
      6  312.191162543013
      7  312.311598776852
      7  312.362832923683
      1  315.668751618648
      7  317.453494047858
      7  317.526885937872
      7  317.599853357645
      7  317.721709661698
      7  317.872055896642
      7  317.973565335572
      5  321.470577311066
      8  323.390200611006
      8  323.426101249082
      8  328.531908063912
      8  328.574824185535
      8  328.594396202551
      8  328.69766788865
      8  328.886128055328
      8  329.212311591529
      1  330.610120270001
      9  334.337291667547
      9  334.372722521874
      9  334.505977190148
      9  334.521246013131
      9  334.77273834347
      9  335.017990408421
      1  335.415285603144
      9  340.367937738886
     10  340.421316490434
     10  340.598708405523
     10  340.621611828962
      9  340.654627155261
      5  340.685242402682
      9  340.735607017791
      1  345.457975106789
     10  346.115192020915
     10  346.199869970267
     10  346.214120455727
     10  346.28632590709
     10  346.325320089224
     10  346.417038014799
      1  350.194702154966
     10  351.654540124764
     10  351.675815670504
     11  351.69839252478
     11  352.037988122939
      1  355.175744246291
     10  357.158541889957
      5  357.416284730809
      9  357.532005783787
      5  357.772633295611
      9  357.850233368968
      9  357.892244311237
      1  360.540763465669
      6  362.963804766115
      5  363.114571810494
      5  363.303474268549
      5  363.309576339022
      6  363.391569927883
      6  363.459901802306
      5  363.581541794511
      3  365.178617902846
      2  368.867499737187
      3  368.927838391678
      5  369.046472086046
      4  369.053793249146
      5  369.393958336346
      4  370.747224879694
      2  374.24085851394
      3  374.504102254337
      3  375.106630868144
      5  375.794802051448
      1  380.194552275782
      3  380.303138621534
      2  380.924409457993
      1  384.711355465522
      2  385.207211190844
      1  394.611654583683
      2  395.777359522805
      1  400.514514301875
      2  404.900736763561
      1  405.819620874944
      1  405.856208098054
      2  409.877658910481
      1  410.1796365928
      3  415.022512810228
      3  415.03128063187
      1  415.513659745958
      3  415.662439899926
      3  420.163833412488
      2  421.051683503834
      4  425.126944451078
      1  430.287648577067
      4  430.344049938328
      4  430.411615648516
      4  430.906207447392
      4  430.91362288834
      5  430.945746345087
      1  435.546547548445
      5  436.294999027114
      5  436.430442641948
      5  436.468856742487
      5  436.474730307863
      5  436.49318778829
      3  441.13986929571
      5  441.774135248168
      5  441.795738016665
      5  442.216426921823
      1  445.274298463809
      6  447.28672668754
      6  447.30042842131
      6  447.547497529776
      6  447.568541011557
      6  447.664672472131
      6  447.901946755488
      1  450.810074595856
      6  452.890593034724
      1  455.561917597894
      7  457.955057698603
      7  458.254172073392
      7  458.413781352272
      7  458.420287326829
      7  458.57184278726
      8  458.609820297532
      8  463.820842554356
      6  463.837411621848
      8  464.026177287485
      8  464.238093599958
      8  464.277380407184
      8  464.309741518033
      8  464.441308421679
      8  469.601586749449
      9  470.02923705656
      8  470.081973573321
      8  470.103030478188
      9  470.192567547278
      8  470.2263687391
      1  470.347596763792
      9  475.397047362342
      9  475.443844092391
      9  475.473252877039
      9  475.590932157231
      1  475.699261779534
      8  475.780815498098
      9  475.989533444583
      9  476.05668770581
     10  481.3183149362
      9  481.447135897327
      9  481.466381116381
      4  481.513154143875
      9  481.533912281769
      9  481.547083802337
     10  481.807324330185
      1  485.646410286176
     10  486.902348038545
     10  487.082262642598
     10  487.097587586641
     10  487.157183471369
     10  487.194242737666
     10  487.260295902136
      1  490.647306715595
      9  492.511828138183
     11  492.779495038266
     10  492.889023717668
     10  493.081982884888
      1  495.570719332202
      7  498.162010756753
      6  498.436154641112
      5  498.589926506871
      6  498.750187162947
      5  498.768439044705
      7  498.877575963637
      1  500.157038944439
      5  503.973152128618
      6  504.045794312285
      4  504.106699108828
      4  504.137229400931
      5  504.641329129181
      3  505.768780563558
      4  509.281920849718
      4  509.360512836296
      4  509.844375334744
      2  510.129683303003
      5  510.208025185029
      3  511.063986479964
      2  514.501020379381
      1  514.807223481003
      5  515.428347464202
      5  515.740227891552
      4  515.869651423375
      2  520.089240854215
      1  521.380144102961
      3  521.706903526118
      1  526.893722450708
      1  526.975532064981
      1  527.522505478145
      1  530.622425567452
      1  531.528752261636
      1  535.353066275856
      2  536.857240021174
      2  536.985685328761
      2  542.220868141867
      3  542.362563208713
      3  542.564645157122
      1  545.835260267463
      3  547.659214086809
      3  548.097856848332
      3  548.190492151611
      1  550.25043972916
      4  553.521332795644
      4  553.615398374336
      4  553.707984125611
      3  553.883754302259
      1  555.122887053062
      4  558.788231042022
      1  560.904562254621
      4  563.907430976538
      5  564.248119659444
      5  564.396411670681
      5  564.449460655871
      5  569.548398274387
      5  569.728476222893
      5  570.044187787118
      1  570.101035640054
      6  570.148872055345
      6  570.153859015935
      6  575.204608660719
      1  575.296875346676
      6  575.392288997496
      6  575.620497486504
      6  575.821632132145
      6  575.828088304313
      6  575.929308460091
      2  580.765745850269
      6  580.986799451256
      6  581.118008025572
      7  581.235698921544
      6  581.248940153452
      1  585.783050364424
      7  586.591636113573
      7  586.608391938593
      7  586.783203387514
      7  586.887647085508
      7  586.917519439264
      7  587.026025327111
      1  590.544222658081
      7  592.119623962566
      7  592.257800255744
      8  592.477102397427
      8  592.55005677361
      8  592.632984459633
      8  592.771935900729
      1  595.693081079508
      8  597.9352913265
      9  598.068324691045
      8  598.07605004736
      8  598.087418597832
      8  598.296655957892
      8  598.433804304178
      9  603.473179738899
      9  603.702017460125
      9  603.759622577061
      9  603.900888841166
      9  604.122464845744
      9  604.168022415046
      9  609.213977960601
      9  609.51933174221
      9  609.591713989993
      9  609.60692776182
      9  609.91796645242
     10  609.988710364701
      1  610.678813765496
     10  615.179229475129
      1  615.217981965002
     10  615.219795557036
     10  615.327143647558
     10  615.670683704093
     10  615.687987789036
     10  615.751239550541
      5  620.475218491925
     10  620.892611453111
     10  621.14271776036
     11  621.57171642399
      1  625.683734924347
     11  626.515689521938
      1  630.555014196104
      5  631.673362477677
     11  631.722019313118
     10  631.876639878928
     10  631.906578072022
      6  632.024273833447
      9  632.105543846461
     11  632.112522897777
     10  632.179220737499
      1  635.538154709274
      6  637.401844074594
      6  637.416568479173
      6  637.424867502384
      8  637.80712903898
      8  637.899435770594
      6  637.970320804546
      2  640.749442279274
      6  643.140942777382
      5  643.202041667016
      4  643.222708073702
      6  643.638079900738
      4  643.738683704358
      4  645.767801997243
      3  648.836229877401
      5  648.957844025105
      2  649.44804837501
      3  649.487898458889
      5  650.191674009273
      3  651.585743072515
      3  654.181277694042
      1  654.818166345602
      1  654.942530958179
      5  655.761381439837
      2  657.364463332133
      3  660.149934179141
      1  665.354452755777
      2  665.365566053587
      3  665.716130555485
      3  665.965886550414
      1  670.117606343963
      1  670.565630555795
      1  670.83063220374
      1  675.155874922537
      2  676.404624207902
      2  676.572640895903
      3  681.73430335058
      2  681.867089195507
      2  682.327523329445
      3  687.419336000468
      3  687.462463944134
      3  687.910412923608
      1  690.189460522095
      4  692.994615817402
      4  693.192245872128
      4  693.301139471685
      4  693.384418023634
      1  695.211075105546
      4  698.642467551802
      4  698.664714731754
      4  698.857951781538
      4  698.971902270888
      4  699.0442317531
      1  700.281723695488
      5  704.270773388687
      5  704.418348883688
      5  704.652304591202
      5  704.761662050523
      5  709.915117113681
      5  710.332786410328
      5  710.349401586808
      6  710.516284032518
      5  710.567734851593
      1  710.578366660923
      1  715.259649848277
      6  715.65484476347
      6  715.745529786735
      6  715.760835740571
      6  715.873195071384
      6  715.961333293435
      6  716.246255223924
      6  716.371191397771
      3  720.456613657277
      6  721.433178318807
      6  721.457105375028
      7  721.907180867329
      7  727.048059796328
      7  727.276258363241
      7  727.375699802508
      7  727.411361371839
      7  727.542925923403
      7  727.621692303206
      1  730.08060376199
      7  732.744851260519
      8  732.765696178236
      7  732.948815442918
      8  733.032674502515
      8  733.141215069954
      8  733.403812992925
      1  735.621121016341
      8  738.404255679423
      8  738.573623106345
      8  738.765037589041
      8  738.780335768532
      8  738.851191488677
      8  739.231811441477
      4  741.329111151619
      9  744.684720688735
      9  744.987016293326
      9  745.061342343132
      9  750.073811926917
      1  750.440411933111
      9  750.514914644715
      9  750.613519198113
     10  750.68921686139
     10  750.750423244629
      9  750.787326586722
      1  755.763250037106
     10  756.013513593691
     10  756.232012655975
     10  756.241457462989
     10  756.414975209393
     10  756.47598132273
     10  756.558827845601
      4  761.088443873048
     10  761.530084271054
      1  765.629984726627
     10  766.5872102812
     11  766.60949150014
     11  766.759260100147
     11  766.779798060025
     11  766.939587968944
     11  767.263735430336
     11  767.288373915015
      1  770.416547164135
      7  772.350738727236
      5  772.358508912315
     10  772.418402439374
     10  772.553762106681
      6  772.782905044127
      9  772.817821509177
      4  772.97563991148
      8  773.063341881325
      2  775.659108393221
      6  778.280921735677
      4  778.308668622986
      6  778.515222050154
      6  778.821827553843
      4  778.835678895867
      3  780.806979514799
      6  783.899132094173
      5  784.035494294059
      3  784.377832484408
      3  784.628640459258
      3  784.662356778797
      4  785.095610210468
      1  789.587266724838
      3  789.702642522736
      5  790.3468880382
      3  790.66329768312
      1  794.121893146552
      5  795.59732496078
      5  795.725059832158
      4  796.067646776036
      2  800.813857085538
      3  801.682588593118
      1  804.795468102088
      1  805.614153010641
      1  807.325637938337
      1  809.281600157571
      1  810.083432759336
      2  814.747232062592
      2  815.060124983747
      1  815.636635211064
      2  820.021947278135
      1  821.015243643809
      3  825.381655856878
      1  825.479565031026
      3  825.777251527462
      1  830.165205876837
      4  831.088949447788
      4  831.137427878316
      3  831.359943858284
      3  831.521008582275
      1  835.100749482112
      4  836.490847061871
      2  840.395617313709
      5  842.11730614835
      5  842.249275238566
      5  842.263445436513
      5  847.467316836606
      5  847.47292210474
      5  847.535639144325
      5  847.750797076182
      5  848.061674912584
      5  848.09825873772
      1  850.213011939312
      6  853.272086172375
      6  853.353848950761
      6  853.385369789462
      6  853.518740458182
      6  853.638307328523
      5  853.781781656109
      1  855.135287891878
      6  858.894525510983
      6  859.037203478662
      6  859.110235340714
      7  859.314958621401
      7  859.390012219714
      6  859.416922840064
      7  864.698568641297
      7  864.857206363767
      7  864.967681292338
      7  865.037829104527
      7  865.092825111873
      7  865.246637939778
      8  870.180495991961
      1  870.770582305268
      8  875.454432136091
      8  875.639380783588
      8  875.653010448041
      8  875.680387990186
      8  875.730877017819
      8  875.764302708693
      1  875.797072465877
      9  881.025580719558
      9  881.039301393377
      8  881.136618179528
      5  881.256127312135
      9  881.278137951705
      9  881.51768989045
      8  881.565674343088
      1  885.635198410452
      9  886.614980342906
      9  886.686488211271
      9  887.033126704539
      9  887.104811118101
      9  887.345225932491
      9  887.396945742774
      1  890.612180309371
     10  892.591536277302
      9  892.73324612275
     10  892.748693542371
     10  892.946157279641
      9  892.96163412275
     10  893.059737951795
      1  895.837385528479
     10  898.061419518813
     10  898.204191908324
     10  898.304468792444
     10  898.44918021352
     10  898.550886565102
     10  898.825356768938
      5  901.072671727117
     11  904.309002513511
     11  904.445143096894
     10  909.614161274831
      6  909.779922460418
     10  909.880348577693
      5  909.90736079958
      7  910.072151394614
      1  910.074496796849
      9  910.097643767351
      5  915.228772108187
      6  915.237930500018
      2  915.311419065632
      5  915.399939012085
      5  915.584507155181
      6  915.812033991296
      3  920.405042965645
      3  920.701081486133
      3  920.874912197639
      6  921.039161301424
      5  921.09526034767
      5  921.636873053295
      5  925.422264513253
      1  926.680637867535
      3  926.897930454629
      3  927.232492155655
      5  930.817076386167
      6  930.946335814212
      3  930.952437770887
      1  931.74499455707
      4  935.646300801104
      2  936.023137767013
      2  940.672175931298
      2  941.220519716514
      1  942.030507312695
      1  945.490355006736
      1  945.747979304714
      1  947.229795844097
      1  950.492614750769
      2  952.35702564487
      2  952.373084725398
      1  955.473444203176
      2  957.565474150847
      2  957.909127653458
      3  962.9886297322
      3  963.049249921544
      3  963.527014742438
      3  968.094596517084
      1  970.567149913712
      4  973.211931583535
      4  973.451895228043
      3  973.773636931894
      4  973.82296168787
      1  975.698209813117
      4  979.024832096224
      4  979.247860289899
      4  979.293278784811
      5  979.557416449183
      5  984.610605253727
      5  984.73271938433
      5  984.763362569167
      5  984.984589219141
      5  985.397095386387
      6  990.533535847895
      5  990.562021280116
      5  990.769671184708
      5  990.787551793641
      1  990.807924350901
      6  990.983557054762
      5  991.051499224248
      1  995.219401259432
      6  996.031176132304
      6  996.250232384164
      3  1000.392610282998
