      1  0
      1  5
      1  10
      1  15
      1  20
      1  25
      1  25.288707685695
      1  30
      1  30.288707685695
      1  35
      1  35.288707685695
      1  35.579935013131
      1  35.71899039409
      1  40
      1  40.802490961138
      1  40.82116882816
      2  41.1313497252
      1  45
      1  46.545305968982
      1  46.557200487662
      1  46.652679842839
      1  50
      1  51.782444403102
      1  55
      1  55.05940480683
      1  56.782444403102
      1  60
      1  60.391116526612
      1  61.782444403102
      3  62.014073048348
      1  65
      1  67.506844184147
      4  67.783585933614
      1  70
      1  73.30747672022
      5  73.43629683729
      1  75
      1  79.099640570827
      3  79.126179988603
      1  80
      4  84.917482207178
      1  85
      1  90
      1  90.322637547404
      2  90.484066628227
      1  95
      2  95.153985614116
      2  95.482212416463
      1  95.685151880474
      1  100
      2  100.937676992357
      1  105
      1  106.015688270576
      2  106.767919791233
      1  110
      1  111.394836427738
      1  115
      1  115.396683434323
      1  116.394836427738
      1  120
      1  120.402280702237
      1  120.546596110862
      1  121.394836427738
      1  121.59730222144
      1  125
      1  126.986209824158
      1  127.304908969808
      1  130
      1  132.699575828747
      1  135
      1  137.699575828747
      2  137.928187390755
      1  140
      1  140.298502159315
      1  143.60251001753
      2  143.727681311733
      1  145
      1  149.165624321502
      4  149.377687701181
      1  150
      1  154.866052609976
      4  154.898822839033
      1  155
      1  160
      1  160.329205846275
      5  160.737776004079
      1  165
      1  165.329205846275
      1  170
      6  170.427121084266
      1  175
      1  175.373618777385
      1  175.930014956646
      5  176.135807032302
      1  180
      1  180.706440218417
      1  181.898742456262
      1  181.922332563078
      1  185
      1  187.226510112277
      5  187.408945129794
      1  190
      1  193.155000914203
      5  193.191448836707
      1  195
      1  198.667944624848
      5  198.886337565161
      1  200
      2  204.486106905065
      5  204.637888576689
      1  205
      1  210
      1  210.289702738766
      5  210.44839218216
      1  215
      1  215.331140440964
      1  215.578541925994
      1  220
      1  220.515322393096
      1  220.578541925994
      4  220.699046548907
      2  221.125376043802
      1  225
      4  226.925718083387
      1  230
      3  232.274332935208
      2  232.61934198174
      1  235
      1  235.804411919536
      3  237.823906685962
      1  240
      2  240.346334821368
      1  242.823906685962
      1  245
      2  246.069607434308
      1  247.823906685962
      1  248.424524739215
      1  250
      1  251.719262772962
      1  253.424524739215
      1  255
      1  258.424524739215
      1  260
      2  260.209620050136
      1  263.512464693873
      1  265
      1  265.209620050136
      1  268.512464693873
      2  268.607066110524
      1  270
      1  270.273034971624
      1  274.029762526006
      2  274.096337910064
      1  275
      1  279.407095337864
      1  280
      1  280.334702950893
      1  284.407095337864
      2  284.482547473514
      1  285
      1  289.883909844044
      1  290
      4  290.11807098568
      1  295
      1  295.145219098879
      1  295.22143839679
      1  295.739009518133
      1  300
      1  300.788696343722
      1  300.868519774173
      5  300.956898073899
      1  305
      1  306.55653556383
      1  310
      1  311.55653556383
      5  311.708876279402
      1  315
      1  317.311598776852
      5  317.362832923683
      1  320
      1  320.668751618648
      1  322.872055896642
      1  322.973565335572
      1  325
      1  328.390200611006
      5  328.426101249082
      1  330
      1  333.886128055328
      5  334.212311591529
      1  335
      1  339.77273834347
      1  340
      5  340.017990408421
      1  340.415285603144
      1  345
      1  345.654627155261
      5  345.735607017791
      1  350
      4  351.417038014799
      1  355
      6  357.037988122939
      1  360
      1  362.772633295611
      1  362.850233368968
      5  362.892244311237
      1  365
      1  368.309576339022
      2  368.459901802306
      2  368.581541794511
      1  370
      1  374.046472086046
      1  374.053793249146
      1  374.393958336346
      1  375
      1  379.504102254337
      1  380
      1  380.794802051448
      1  384.504102254337
      1  385
      1  385.924409457993
      1  389.711355465522
      1  390
      1  390.207211190844
      1  394.504102254337
      1  394.711355465522
      1  395
      1  399.711355465522
      1  400
      1  400.777359522805
      1  404.711355465522
      1  405
      1  405.777359522805
      1  409.711355465522
      1  410
      1  414.711355465522
      2  414.877658910481
      1  415
      1  415.1796365928
      1  420
      1  420.03128063187
      1  420.513659745958
      1  425
      1  425.03128063187
      1  430
      1  430.03128063187
      4  430.126944451078
      1  435
      1  435.287648577067
      1  435.91362288834
      4  435.945746345087
      1  440
      1  440.546547548445
      3  441.49318778829
      1  445
      1  446.795738016665
      5  447.216426921823
      1  450
      1  450.274298463809
      1  452.664672472131
      1  455
      1  457.664672472131
      5  457.890593034724
      1  460
      1  463.57184278726
      6  463.609820297532
      1  465
      1  469.309741518033
      5  469.441308421679
      1  470
      1  475
      2  475.192567547278
      5  475.2263687391
      1  475.347596763792
      1  480
      1  480.699261779534
      1  480.989533444583
      5  481.05668770581
      1  485
      1  486.547083802337
      5  486.807324330185
      1  490
      1  490.646410286176
      1  492.194242737666
      3  492.260295902136
      1  495
      6  498.081982884888
      1  500
      1  503.768439044705
      4  503.877575963637
      1  505
      2  509.137229400931
      2  509.641329129181
      1  510
      1  510.768780563558
      2  514.360512836296
      1  515
      2  515.208025185029
      1  519.501020379381
      1  520
      2  520.869651423375
      1  525
      1  526.380144102961
      2  526.706903526118
      1  530
      1  531.380144102961
      1  535
      1  536.380144102961
      1  536.528752261636
      1  540
      1  540.353066275856
      1  541.857240021174
      2  541.985685328761
      1  545
      1  547.362563208713
      2  547.564645157122
      1  550
      1  553.097856848332
      3  553.190492151611
      1  555
      1  558.707984125611
      1  560
      1  560.122887053062
      4  563.788231042022
      1  565
      1  569.396411670681
      4  569.449460655871
      1  570
      1  575
      1  575.101035640054
      1  575.148872055345
      5  575.153859015935
      1  580
      1  580.296875346676
      1  580.828088304313
      3  580.929308460091
      1  585
      1  586.235698921544
      5  586.248940153452
      1  590
      1  591.917519439264
      5  592.026025327111
      1  595
      1  595.544222658081
      1  597.632984459633
      5  597.771935900729
      1  600
      1  603.296655957892
      5  603.433804304178
      1  605
      1  609.122464845744
      5  609.168022415046
      1  610
      1  614.91796645242
      5  614.988710364701
      1  615
      1  620
      1  620.217981965002
      3  620.751239550541
      1  625
      1  626.14271776036
      1  630
      1  631.14271776036
      7  631.515689521938
      1  635
      6  637.179220737499
      1  640
      3  642.899435770594
      2  642.970320804546
      1  645
      3  648.638079900738
      1  648.738683704358
      1  650
      1  650.767801997243
      1  653.957844025105
      2  654.487898458889
      1  655
      1  656.585743072515
      1  659.818166345602
      1  660
      1  660.761381439837
      1  664.818166345602
      1  665
      2  665.149934179141
      1  669.818166345602
      1  670
      1  670.354452755777
      1  670.965886550414
      1  675
      1  675.117606343963
      1  675.565630555795
      1  675.83063220374
      1  680
      1  680.155874922537
      1  681.404624207902
      2  681.572640895903
      1  685
      1  686.867089195507
      2  687.327523329445
      1  690
      1  692.462463944134
      3  692.910412923608
      1  695
      1  695.189460522095
      1  698.301139471685
      4  698.384418023634
      1  700
      1  700.211075105546
      1  703.971902270888
      3  704.0442317531
      1  705
      1  709.652304591202
      4  709.761662050523
      1  710
      1  715
      2  715.516284032518
      5  715.567734851593
      1  720
      1  720.259649848277
      1  721.246255223924
      2  721.371191397771
      1  725
      1  726.457105375028
      5  726.907180867329
      1  730
      1  732.542925923403
      5  732.621692303206
      1  735
      1  735.08060376199
      1  738.141215069954
      5  738.403812992925
      1  740
      1  740.621121016341
      3  744.231811441477
      1  745
      1  749.987016293326
      1  750
      5  750.061342343132
      1  755
      1  755.440411933111
      1  755.750423244629
      5  755.787326586722
      1  760
      1  760.763250037106
      1  761.47598132273
      1  765
      1  765.763250037106
      6  766.530084271054
      1  770
      8  772.288373915015
      1  775
      1  777.817821509177
      4  778.063341881325
      1  780
      3  783.821827553843
      2  783.835678895867
      1  785
      1  789.035494294059
      1  789.377832484408
      1  790
      1  790.095610210468
      1  794.035494294059
      1  795
      2  795.3468880382
      1  799.121893146552
      1  800
      2  801.067646776036
      1  804.121893146552
      1  805
      2  806.682588593118
      1  809.121893146552
      1  810
      1  814.121893146552
      1  814.281600157571
      1  815
      1  815.083432759336
      1  819.747232062592
      1  820
      1  820.636635211064
      1  825
      2  825.021947278135
      1  830
      1  830.381655856878
      3  830.777251527462
      1  835
      1  836.359943858284
      1  840
      1  840.100749482112
      3  841.490847061871
      1  845
      1  847.249275238566
      5  847.263445436513
      1  850
      1  853.061674912584
      5  853.09825873772
      1  855
      1  858.638307328523
      5  858.781781656109
      1  860
      1  864.390012219714
      5  864.416922840064
      1  865
      1  870
      1  870.092825111873
      1  875
      1  875.092825111873
      5  875.180495991961
      1  880
      1  880.730877017819
      5  880.764302708693
      1  880.797072465877
      1  885
      1  886.51768989045
      5  886.565674343088
      1  890
      1  892.345225932491
      5  892.396945742774
      1  895
      1  895.612180309371
      1  897.96163412275
      5  898.059737951795
      1  900
      1  900.837385528479
      2  903.825356768938
      1  905
      6  909.445143096894
      1  910
      1  915
      3  915.072151394614
      2  915.097643767351
      1  920
      2  920.584507155181
      3  920.812033991296
      1  925
      1  925.405042965645
      1  925.874912197639
      2  926.636873053295
      1  930
      2  930.422264513253
      1  931.680637867535
      1  935
      1  935.952437770887
      1  936.74499455707
      1  940
      2  940.646300801104
      1  941.680637867535
      1  945
      1  945.672175931298
      1  946.680637867535
      1  950
      1  951.680637867535
      1  952.229795844097
      1  955
      1  957.35702564487
      1  957.373084725398
      1  960
      1  960.473444203176
      1  962.565474150847
      2  962.909127653458
      1  965
      1  968.049249921544
      1  970
      1  973.049249921544
      3  973.094596517084
      1  975
      1  975.567149913712
      1  978.773636931894
      3  978.82296168787
      1  980
      1  984.293278784811
      4  984.557416449183
      1  985
      1  989.984589219141
      1  990
      5  990.397095386387
      1  995
      2  995.983557054762
      1  1000
      1  1000.219401259432
      1  1001.250232384164
